AR(1) structure scenario for fixed Z = 0.7
Best model for this Z: AR1_FixedZ0.7_muSD5_HC5.0
Scenario directory: F:\gacheri's documents\research NCDs\BIBTEX\New folder\Simulated Datasets\Bayesian Learning Algorithm\AR1_fixedZ_results\scenario_ar1_fixed_Z_0p7

Bayesian AR(1) results for fixed Z_0p7
======================================
                     Model   Z  mu_prior_sd  tau_halfcauchy_scale  mu_mean    mu_sd  mu_2.5%  mu_97.5%  tau_mean   tau_sd  tau_2.5%  tau_97.5%  phi_mean   phi_sd  phi_2.5%  phi_97.5%  Rhat_mu  Rhat_tau  Rhat_phi  tau_accept_rate  phi_accept_rate  Validation_RMSE  Validation_Bias  Validation_SE  Validation_Coverage
 AR1_FixedZ0.7_muSD5_HC5.0 0.7          5.0                   5.0 0.394741 0.030502 0.335206  0.453212  0.155412 0.030714  0.103121   0.226679  0.307937 0.293023 -0.223671   0.878615 1.136024  1.543933  1.825181         0.188750         0.361917         1.775993         0.164239       1.770295             0.933045
AR1_FixedZ0.7_muSD10_HC5.0 0.7         10.0                   5.0 0.394754 0.030502 0.335219  0.453226  0.155412 0.030714  0.103121   0.226679  0.307937 0.293023 -0.223671   0.878615 1.136029  1.543933  1.825181         0.188750         0.361917         1.775994         0.164252       1.770295             0.933045
 AR1_FixedZ0.7_muSD5_HC2.5 0.7          5.0                   2.5 0.398690 0.031086 0.338493  0.454003  0.125680 0.026854  0.076972   0.174496  0.352335 0.343770 -0.293403   0.900184 1.116718  1.696308  1.542743         0.187583         0.369500         1.776810         0.167528       1.770808             0.937365
AR1_FixedZ0.7_muSD10_HC2.5 0.7         10.0                   2.5 0.398703 0.031086 0.338506  0.454017  0.125680 0.026854  0.076972   0.174496  0.352335 0.343770 -0.293403   0.900184 1.116723  1.696308  1.542743         0.187583         0.369500         1.776812         0.167541       1.770808             0.937365
 AR1_FixedZ0.7_muSD5_HC1.0 0.7          5.0                   1.0 0.409536 0.036641 0.325325  0.475184  0.140370 0.027764  0.098239   0.194176  0.211428 0.313837 -0.384911   0.759282 1.092359  1.450668  1.182858         0.186417         0.341167         1.779129         0.177567       1.772160             0.935205
AR1_FixedZ0.7_muSD10_HC1.0 0.7         10.0                   1.0 0.409549 0.036642 0.325338  0.475199  0.140370 0.027764  0.098239   0.194176  0.211428 0.313837 -0.384911   0.759282 1.092363  1.450668  1.182858         0.186417         0.341167         1.779130         0.177580       1.772160             0.935205

Diagnostics for AR(1) fixed Z_0p7
=================================
                     Model   Z  mu_prior_sd  tau_halfcauchy_scale  mu_mean    mu_sd  mu_2.5%  mu_97.5%  tau_mean   tau_sd  tau_2.5%  tau_97.5%  phi_mean   phi_sd  phi_2.5%  phi_97.5%  Rhat_mu  Rhat_tau  Rhat_phi  tau_accept_rate  phi_accept_rate  Validation_RMSE  Validation_Bias  Validation_SE  Validation_Coverage
 AR1_FixedZ0.7_muSD5_HC5.0 0.7          5.0                   5.0 0.394741 0.030502 0.335206  0.453212  0.155412 0.030714  0.103121   0.226679  0.307937 0.293023 -0.223671   0.878615 1.136024  1.543933  1.825181         0.188750         0.361917         1.775993         0.164239       1.770295             0.933045
AR1_FixedZ0.7_muSD10_HC5.0 0.7         10.0                   5.0 0.394754 0.030502 0.335219  0.453226  0.155412 0.030714  0.103121   0.226679  0.307937 0.293023 -0.223671   0.878615 1.136029  1.543933  1.825181         0.188750         0.361917         1.775994         0.164252       1.770295             0.933045
 AR1_FixedZ0.7_muSD5_HC2.5 0.7          5.0                   2.5 0.398690 0.031086 0.338493  0.454003  0.125680 0.026854  0.076972   0.174496  0.352335 0.343770 -0.293403   0.900184 1.116718  1.696308  1.542743         0.187583         0.369500         1.776810         0.167528       1.770808             0.937365
AR1_FixedZ0.7_muSD10_HC2.5 0.7         10.0                   2.5 0.398703 0.031086 0.338506  0.454017  0.125680 0.026854  0.076972   0.174496  0.352335 0.343770 -0.293403   0.900184 1.116723  1.696308  1.542743         0.187583         0.369500         1.776812         0.167541       1.770808             0.937365
 AR1_FixedZ0.7_muSD5_HC1.0 0.7          5.0                   1.0 0.409536 0.036641 0.325325  0.475184  0.140370 0.027764  0.098239   0.194176  0.211428 0.313837 -0.384911   0.759282 1.092359  1.450668  1.182858         0.186417         0.341167         1.779129         0.177567       1.772160             0.935205
AR1_FixedZ0.7_muSD10_HC1.0 0.7         10.0                   1.0 0.409549 0.036642 0.325338  0.475199  0.140370 0.027764  0.098239   0.194176  0.211428 0.313837 -0.384911   0.759282 1.092363  1.450668  1.182858         0.186417         0.341167         1.779130         0.177580       1.772160             0.935205

Comparison with baselines for AR(1) fixed Z_0p7
===============================================
 Rank_by_RMSE                           Model   Z  mu_prior_sd  tau_halfcauchy_scale  Validation_RMSE  Validation_Bias  Validation_SE  Validation_Coverage  Rhat_mu  Rhat_tau  Rhat_phi  tau_accept_rate  phi_accept_rate            Method_Type
            1 MICE-style iterative regression NaN          NaN                   NaN         1.681353        -0.058638       1.682148                  NaN      NaN       NaN       NaN              NaN              NaN      Comparison method
            2            Gaussian NB baseline NaN          NaN                   NaN         1.714547         0.013585       1.716348                  NaN      NaN       NaN       NaN              NaN              NaN      Comparison method
            3                      Naive mean NaN          NaN                   NaN         1.749896         0.080302       1.749944                  NaN      NaN       NaN       NaN              NaN              NaN      Comparison method
            4       AR1_FixedZ0.7_muSD5_HC5.0 0.7          5.0                   5.0         1.775993         0.164239       1.770295             0.933045 1.136024  1.543933  1.825181         0.188750         0.361917 Bayesian AR(1) fixed Z
            5      AR1_FixedZ0.7_muSD10_HC5.0 0.7         10.0                   5.0         1.775994         0.164252       1.770295             0.933045 1.136029  1.543933  1.825181         0.188750         0.361917 Bayesian AR(1) fixed Z
            6       AR1_FixedZ0.7_muSD5_HC2.5 0.7          5.0                   2.5         1.776810         0.167528       1.770808             0.937365 1.116718  1.696308  1.542743         0.187583         0.369500 Bayesian AR(1) fixed Z
            7      AR1_FixedZ0.7_muSD10_HC2.5 0.7         10.0                   2.5         1.776812         0.167541       1.770808             0.937365 1.116723  1.696308  1.542743         0.187583         0.369500 Bayesian AR(1) fixed Z
            8       AR1_FixedZ0.7_muSD5_HC1.0 0.7          5.0                   1.0         1.779129         0.177567       1.772160             0.935205 1.092359  1.450668  1.182858         0.186417         0.341167 Bayesian AR(1) fixed Z
            9      AR1_FixedZ0.7_muSD10_HC1.0 0.7         10.0                   1.0         1.779130         0.177580       1.772160             0.935205 1.092363  1.450668  1.182858         0.186417         0.341167 Bayesian AR(1) fixed Z
