AR(1) structure scenario for fixed Z = 0.5
Best model for this Z: AR1_FixedZ0.5_muSD5_HC5.0
Scenario directory: F:\gacheri's documents\research NCDs\BIBTEX\New folder\Simulated Datasets\Bayesian Learning Algorithm\AR1_fixedZ_results\scenario_ar1_fixed_Z_0p5

Bayesian AR(1) results for fixed Z_0p5
======================================
                     Model   Z  mu_prior_sd  tau_halfcauchy_scale  mu_mean    mu_sd  mu_2.5%  mu_97.5%  tau_mean   tau_sd  tau_2.5%  tau_97.5%  phi_mean   phi_sd  phi_2.5%  phi_97.5%  Rhat_mu  Rhat_tau  Rhat_phi  tau_accept_rate  phi_accept_rate  Validation_RMSE  Validation_Bias  Validation_SE  Validation_Coverage
 AR1_FixedZ0.5_muSD5_HC5.0 0.5          5.0                   5.0 0.428502 0.026148 0.373211  0.476116  0.135427 0.039977  0.066082   0.234858  0.514165 0.211203  0.090418   0.881456 1.019421  1.543812  1.136044         0.192250         0.399250         1.778443         0.195748       1.769549             0.933045
AR1_FixedZ0.5_muSD10_HC5.0 0.5         10.0                   5.0 0.428514 0.026148 0.373222  0.476128  0.135427 0.039977  0.066082   0.234858  0.514165 0.211203  0.090418   0.881456 1.019422  1.543812  1.136044         0.192250         0.399250         1.778444         0.195760       1.769549             0.933045
 AR1_FixedZ0.5_muSD5_HC1.0 0.5          5.0                   1.0 0.423204 0.032275 0.360442  0.491792  0.122298 0.039280  0.067550   0.195214  0.581494 0.244786  0.054703   0.922194 1.070029  1.255617  1.472273         0.187417         0.448500         1.778908         0.192020       1.770427             0.937365
AR1_FixedZ0.5_muSD10_HC1.0 0.5         10.0                   1.0 0.423216 0.032275 0.360453  0.491805  0.122298 0.039280  0.067550   0.195214  0.581494 0.244786  0.054703   0.922194 1.070031  1.255617  1.472273         0.187417         0.448500         1.778910         0.192032       1.770427             0.937365
 AR1_FixedZ0.5_muSD5_HC2.5 0.5          5.0                   2.5 0.420212 0.031475 0.358720  0.475062  0.111762 0.028400  0.048359   0.168887  0.308307 0.309437 -0.295017   0.859298 1.058166  1.442722  1.386846         0.191750         0.376917         1.779886         0.188810       1.771758             0.937365
AR1_FixedZ0.5_muSD10_HC2.5 0.5         10.0                   2.5 0.420223 0.031475 0.358731  0.475074  0.111762 0.028400  0.048359   0.168887  0.308307 0.309437 -0.295017   0.859298 1.058168  1.442722  1.386846         0.191750         0.376917         1.779888         0.188822       1.771758             0.937365

Diagnostics for AR(1) fixed Z_0p5
=================================
                     Model   Z  mu_prior_sd  tau_halfcauchy_scale  mu_mean    mu_sd  mu_2.5%  mu_97.5%  tau_mean   tau_sd  tau_2.5%  tau_97.5%  phi_mean   phi_sd  phi_2.5%  phi_97.5%  Rhat_mu  Rhat_tau  Rhat_phi  tau_accept_rate  phi_accept_rate  Validation_RMSE  Validation_Bias  Validation_SE  Validation_Coverage
 AR1_FixedZ0.5_muSD5_HC5.0 0.5          5.0                   5.0 0.428502 0.026148 0.373211  0.476116  0.135427 0.039977  0.066082   0.234858  0.514165 0.211203  0.090418   0.881456 1.019421  1.543812  1.136044         0.192250         0.399250         1.778443         0.195748       1.769549             0.933045
AR1_FixedZ0.5_muSD10_HC5.0 0.5         10.0                   5.0 0.428514 0.026148 0.373222  0.476128  0.135427 0.039977  0.066082   0.234858  0.514165 0.211203  0.090418   0.881456 1.019422  1.543812  1.136044         0.192250         0.399250         1.778444         0.195760       1.769549             0.933045
 AR1_FixedZ0.5_muSD5_HC1.0 0.5          5.0                   1.0 0.423204 0.032275 0.360442  0.491792  0.122298 0.039280  0.067550   0.195214  0.581494 0.244786  0.054703   0.922194 1.070029  1.255617  1.472273         0.187417         0.448500         1.778908         0.192020       1.770427             0.937365
AR1_FixedZ0.5_muSD10_HC1.0 0.5         10.0                   1.0 0.423216 0.032275 0.360453  0.491805  0.122298 0.039280  0.067550   0.195214  0.581494 0.244786  0.054703   0.922194 1.070031  1.255617  1.472273         0.187417         0.448500         1.778910         0.192032       1.770427             0.937365
 AR1_FixedZ0.5_muSD5_HC2.5 0.5          5.0                   2.5 0.420212 0.031475 0.358720  0.475062  0.111762 0.028400  0.048359   0.168887  0.308307 0.309437 -0.295017   0.859298 1.058166  1.442722  1.386846         0.191750         0.376917         1.779886         0.188810       1.771758             0.937365
AR1_FixedZ0.5_muSD10_HC2.5 0.5         10.0                   2.5 0.420223 0.031475 0.358731  0.475074  0.111762 0.028400  0.048359   0.168887  0.308307 0.309437 -0.295017   0.859298 1.058168  1.442722  1.386846         0.191750         0.376917         1.779888         0.188822       1.771758             0.937365

Comparison with baselines for AR(1) fixed Z_0p5
===============================================
 Rank_by_RMSE                           Model   Z  mu_prior_sd  tau_halfcauchy_scale  Validation_RMSE  Validation_Bias  Validation_SE  Validation_Coverage  Rhat_mu  Rhat_tau  Rhat_phi  tau_accept_rate  phi_accept_rate            Method_Type
            1 MICE-style iterative regression NaN          NaN                   NaN         1.681353        -0.058638       1.682148                  NaN      NaN       NaN       NaN              NaN              NaN      Comparison method
            2            Gaussian NB baseline NaN          NaN                   NaN         1.714547         0.013585       1.716348                  NaN      NaN       NaN       NaN              NaN              NaN      Comparison method
            3                      Naive mean NaN          NaN                   NaN         1.749896         0.080302       1.749944                  NaN      NaN       NaN       NaN              NaN              NaN      Comparison method
            4       AR1_FixedZ0.5_muSD5_HC5.0 0.5          5.0                   5.0         1.778443         0.195748       1.769549             0.933045 1.019421  1.543812  1.136044         0.192250         0.399250 Bayesian AR(1) fixed Z
            5      AR1_FixedZ0.5_muSD10_HC5.0 0.5         10.0                   5.0         1.778444         0.195760       1.769549             0.933045 1.019422  1.543812  1.136044         0.192250         0.399250 Bayesian AR(1) fixed Z
            6       AR1_FixedZ0.5_muSD5_HC1.0 0.5          5.0                   1.0         1.778908         0.192020       1.770427             0.937365 1.070029  1.255617  1.472273         0.187417         0.448500 Bayesian AR(1) fixed Z
            7      AR1_FixedZ0.5_muSD10_HC1.0 0.5         10.0                   1.0         1.778910         0.192032       1.770427             0.937365 1.070031  1.255617  1.472273         0.187417         0.448500 Bayesian AR(1) fixed Z
            8       AR1_FixedZ0.5_muSD5_HC2.5 0.5          5.0                   2.5         1.779886         0.188810       1.771758             0.937365 1.058166  1.442722  1.386846         0.191750         0.376917 Bayesian AR(1) fixed Z
            9      AR1_FixedZ0.5_muSD10_HC2.5 0.5         10.0                   2.5         1.779888         0.188822       1.771758             0.937365 1.058168  1.442722  1.386846         0.191750         0.376917 Bayesian AR(1) fixed Z
