Independent structure scenario with fixed Z = 0.7
Best model for this Z: Ind_FixedZ0p7_muSD5_HC2p5_sigY1p7_sigC1p19
Scenario directory: F:\gacheri's documents\research NCDs\BIBTEX\New folder\Simulated Datasets\Bayesian Learning Algorithm\Independent_fixedZ_results\scenario_independent_fixed_Z_0p7

Bayesian independent fixed-Z results for Z_0p7
==============================================
                                        Model   Z  mu_prior_sd  tau_halfcauchy_scale  sigma_y_used  sigma_c_used  mu_mean    mu_sd  mu_2.5%  mu_97.5%  tau_mean   tau_sd  tau_2.5%  tau_97.5%  Rhat_mu  Rhat_tau  tau_accept_rate  Validation_RMSE  Validation_Bias  Validation_SE  Validation_Coverage
   Ind_FixedZ0p7_muSD5_HC2p5_sigY1p7_sigC1p19 0.7          5.0                   2.5      1.697564      1.188295 0.314574 0.126059 0.115993  0.469459  0.115419 0.074660  0.043672   0.262534 4.768328  3.362605           0.1985         1.772206         0.084193       1.772119             0.935205
  Ind_FixedZ0p7_muSD10_HC2p5_sigY1p7_sigC1p19 0.7         10.0                   2.5      1.697564      1.188295 0.314581 0.126063 0.115993  0.469470  0.115419 0.074660  0.043672   0.262534 4.768465  3.362605           0.1985         1.772206         0.084199       1.772119             0.935205
  Ind_FixedZ0p7_muSD5_HC2p5_sigY1p7_sigC0p849 0.7          5.0                   2.5      1.697564      0.848782 0.325468 0.110372 0.162551  0.470313  0.170883 0.133356  0.036450   0.340568 5.866990  8.383220           0.2050         1.773352         0.095905       1.772672             0.930886
 Ind_FixedZ0p7_muSD10_HC2p5_sigY1p7_sigC0p849 0.7         10.0                   2.5      1.697564      0.848782 0.325472 0.110375 0.162552  0.470321  0.170883 0.133356  0.036450   0.340568 5.867085  8.383220           0.2050         1.773352         0.095909       1.772672             0.930886
  Ind_FixedZ0p7_muSD5_HC1p0_sigY1p36_sigC1p02 0.7          5.0                   1.0      1.358051      1.018538 0.403010 0.021904 0.359914  0.442810  0.210043 0.049965  0.152504   0.290341 1.062562  2.423490           0.1960         1.777408         0.173285       1.770854             0.881210
 Ind_FixedZ0p7_muSD10_HC1p0_sigY1p36_sigC1p02 0.7         10.0                   1.0      1.358051      1.018538 0.403017 0.021904 0.359921  0.442817  0.210043 0.049965  0.152504   0.290341 1.062562  2.423490           0.1960         1.777409         0.173292       1.770854             0.881210
   Ind_FixedZ0p7_muSD5_HC1p0_sigY1p7_sigC1p36 0.7          5.0                   1.0      1.697564      1.358051 0.403869 0.032358 0.354591  0.469017  0.207883 0.038547  0.138165   0.275257 1.057706  1.049497           0.2020         1.777593         0.174435       1.770927             0.937365
  Ind_FixedZ0p7_muSD10_HC1p0_sigY1p7_sigC1p36 0.7         10.0                   1.0      1.697564      1.358051 0.403881 0.032359 0.354602  0.469030  0.207883 0.038547  0.138165   0.275257 1.057707  1.049497           0.2020         1.777594         0.174447       1.770927             0.937365
  Ind_FixedZ0p7_muSD5_HC5p0_sigY2p04_sigC1p19 0.7          5.0                   5.0      2.037077      1.188295 0.417682 0.043422 0.302863  0.476103  0.165724 0.079143  0.080604   0.314259 1.167076  3.959361           0.2055         1.777640         0.186813       1.769709             0.965443
 Ind_FixedZ0p7_muSD10_HC5p0_sigY2p04_sigC1p19 0.7         10.0                   5.0      2.037077      1.188295 0.417692 0.043424 0.302866  0.476116  0.165724 0.079143  0.080604   0.314259 1.167113  3.959361           0.2055         1.777641         0.186822       1.769709             0.965443
  Ind_FixedZ0p7_muSD5_HC1p0_sigY2p04_sigC1p36 0.7          5.0                   1.0      2.037077      1.358051 0.410371 0.021717 0.371832  0.454780  0.207851 0.036498  0.143224   0.291544 1.003974  1.085040           0.2260         1.777807         0.181358       1.770445             0.965443
 Ind_FixedZ0p7_muSD10_HC1p0_sigY2p04_sigC1p36 0.7         10.0                   1.0      2.037077      1.358051 0.410385 0.021717 0.371846  0.454794  0.207851 0.036498  0.143224   0.291544 1.003974  1.085040           0.2260         1.777808         0.181371       1.770445             0.965443
  Ind_FixedZ0p7_muSD5_HC2p5_sigY2p04_sigC1p36 0.7          5.0                   2.5      2.037077      1.358051 0.425050 0.017299 0.387784  0.455868  0.187647 0.028072  0.153473   0.251118 1.014728  1.014995           0.1950         1.777891         0.195860       1.768981             0.963283
 Ind_FixedZ0p7_muSD10_HC2p5_sigY2p04_sigC1p36 0.7         10.0                   2.5      2.037077      1.358051 0.425064 0.017299 0.387798  0.455883  0.187647 0.028072  0.153473   0.251118 1.014730  1.014995           0.1950         1.777893         0.195874       1.768981             0.963283
  Ind_FixedZ0p7_muSD5_HC5p0_sigY1p36_sigC1p19 0.7          5.0                   5.0      1.358051      1.188295 0.397672 0.022027 0.342308  0.434638  0.244512 0.046161  0.183180   0.327771 1.072634  1.074001           0.2120         1.778027         0.169394       1.771854             0.885529
 Ind_FixedZ0p7_muSD10_HC5p0_sigY1p36_sigC1p19 0.7         10.0                   5.0      1.358051      1.188295 0.397680 0.022027 0.342316  0.434646  0.244512 0.046161  0.183180   0.327771 1.072634  1.074001           0.2120         1.778028         0.169402       1.771854             0.885529
  Ind_FixedZ0p7_muSD5_HC1p0_sigY1p36_sigC1p36 0.7          5.0                   1.0      1.358051      1.358051 0.367666 0.020573 0.333354  0.409953  0.175797 0.050405  0.122985   0.285735 1.107258  2.963468           0.1875         1.778056         0.140066       1.774448             0.883369
 Ind_FixedZ0p7_muSD10_HC1p0_sigY1p36_sigC1p36 0.7         10.0                   1.0      1.358051      1.358051 0.367674 0.020573 0.333363  0.409963  0.175797 0.050405  0.122985   0.285735 1.107269  2.963468           0.1875         1.778057         0.140075       1.774448             0.883369
   Ind_FixedZ0p7_muSD5_HC2p5_sigY1p7_sigC1p36 0.7          5.0                   2.5      1.697564      1.358051 0.397664 0.024741 0.342225  0.435108  0.189719 0.030717  0.155434   0.278621 1.088429  1.222308           0.1855         1.778093         0.169776       1.771883             0.930886
  Ind_FixedZ0p7_muSD10_HC2p5_sigY1p7_sigC1p36 0.7         10.0                   2.5      1.697564      1.358051 0.397675 0.024741 0.342236  0.435119  0.189719 0.030717  0.155434   0.278621 1.088429  1.222308           0.1855         1.778094         0.169787       1.771883             0.930886
   Ind_FixedZ0p7_muSD5_HC2p5_sigY1p7_sigC1p02 0.7          5.0                   2.5      1.697564      1.018538 0.413929 0.022767 0.369141  0.464551  0.211769 0.034141  0.169864   0.287274 1.004759  1.146699           0.2010         1.778407         0.181723       1.771012             0.939525
  Ind_FixedZ0p7_muSD10_HC2p5_sigY1p7_sigC1p02 0.7         10.0                   2.5      1.697564      1.018538 0.413938 0.022767 0.369149  0.464559  0.211769 0.034141  0.169864   0.287274 1.004759  1.146699           0.2010         1.778408         0.181731       1.771012             0.939525
   Ind_FixedZ0p7_muSD5_HC5p0_sigY1p7_sigC1p02 0.7          5.0                   5.0      1.697564      1.018538 0.423092 0.022343 0.380280  0.472148  0.197417 0.043111  0.141091   0.282457 1.062520  0.999878           0.2100         1.778834         0.194414       1.770090             0.939525
  Ind_FixedZ0p7_muSD10_HC5p0_sigY1p7_sigC1p02 0.7         10.0                   5.0      1.697564      1.018538 0.423100 0.022344 0.380288  0.472156  0.197417 0.043111  0.141091   0.282457 1.062520  0.999878           0.2100         1.778835         0.194423       1.770090             0.939525
 Ind_FixedZ0p7_muSD5_HC2p5_sigY1p36_sigC0p849 0.7          5.0                   2.5      1.358051      0.848782 0.415735 0.021232 0.379263  0.458641  0.257430 0.026055  0.215404   0.317842 1.018489  1.195628           0.1975         1.779481         0.184840       1.771770             0.889849
Ind_FixedZ0p7_muSD10_HC2p5_sigY1p36_sigC0p849 0.7         10.0                   2.5      1.358051      0.848782 0.415741 0.021232 0.379269  0.458648  0.257430 0.026055  0.215404   0.317842 1.018489  1.195628           0.1975         1.779482         0.184846       1.771770             0.889849
  Ind_FixedZ0p7_muSD5_HC2p5_sigY1p36_sigC1p36 0.7          5.0                   2.5      1.358051      1.358051 0.393718 0.022913 0.349679  0.438934  0.249908 0.033693  0.189990   0.326198 0.999913  1.036654           0.2085         1.779838         0.164716       1.774117             0.881210
 Ind_FixedZ0p7_muSD10_HC2p5_sigY1p36_sigC1p36 0.7         10.0                   2.5      1.358051      1.358051 0.393727 0.022913 0.349688  0.438944  0.249908 0.033693  0.189990   0.326198 0.999913  1.036654           0.2085         1.779839         0.164726       1.774117             0.881210
   Ind_FixedZ0p7_muSD5_HC5p0_sigY1p7_sigC1p36 0.7          5.0                   5.0      1.697564      1.358051 0.400222 0.029057 0.331954  0.454353  0.258322 0.034542  0.203109   0.341633 1.026373  1.000042           0.2300         1.779984         0.175482       1.773229             0.935205
  Ind_FixedZ0p7_muSD10_HC5p0_sigY1p7_sigC1p36 0.7         10.0                   5.0      1.697564      1.358051 0.400234 0.029057 0.331964  0.454365  0.258322 0.034542  0.203109   0.341633 1.026374  1.000042           0.2300         1.779986         0.175494       1.773229             0.935205
  Ind_FixedZ0p7_muSD5_HC2p5_sigY1p36_sigC1p19 0.7          5.0                   2.5      1.358051      1.188295 0.394707 0.021305 0.353592  0.440621  0.238803 0.039491  0.180176   0.317042 1.049427  1.044601           0.2150         1.779993         0.165435       1.774205             0.879050
 Ind_FixedZ0p7_muSD10_HC2p5_sigY1p36_sigC1p19 0.7         10.0                   2.5      1.358051      1.188295 0.394715 0.021305 0.353600  0.440630  0.238803 0.039491  0.180176   0.317042 1.049429  1.044601           0.2150         1.779994         0.165443       1.774205             0.879050
  Ind_FixedZ0p7_muSD5_HC5p0_sigY1p36_sigC1p36 0.7          5.0                   5.0      1.358051      1.358051 0.394236 0.027594 0.342939  0.450395  0.265367 0.040531  0.211621   0.336135 1.282654  1.111544           0.2235         1.780029         0.162548       1.774509             0.887689
 Ind_FixedZ0p7_muSD10_HC5p0_sigY1p36_sigC1p36 0.7         10.0                   5.0      1.358051      1.358051 0.394246 0.027594 0.342947  0.450405  0.265367 0.040531  0.211621   0.336135 1.282659  1.111544           0.2235         1.780029         0.162558       1.774509             0.887689
  Ind_FixedZ0p7_muSD5_HC1p0_sigY2p04_sigC1p19 0.7          5.0                   1.0      2.037077      1.188295 0.407282 0.025032 0.359943  0.455155  0.196472 0.035108  0.142684   0.278296 1.035542  1.126695           0.2055         1.780121         0.175327       1.773382             0.965443
 Ind_FixedZ0p7_muSD10_HC1p0_sigY2p04_sigC1p19 0.7         10.0                   1.0      2.037077      1.188295 0.407293 0.025032 0.359954  0.455168  0.196472 0.035108  0.142684   0.278296 1.035545  1.126695           0.2055         1.780122         0.175338       1.773382             0.965443
 Ind_FixedZ0p7_muSD5_HC5p0_sigY1p36_sigC0p849 0.7          5.0                   5.0      1.358051      0.848782 0.421769 0.020867 0.381462  0.465669  0.256874 0.050429  0.192058   0.364229 0.999835  1.003384           0.2090         1.780140         0.194041       1.771447             0.879050
Ind_FixedZ0p7_muSD10_HC5p0_sigY1p36_sigC0p849 0.7         10.0                   5.0      1.358051      0.848782 0.421775 0.020867 0.381467  0.465675  0.256874 0.050429  0.192058   0.364229 0.999835  1.003384           0.2090         1.780141         0.194046       1.771447             0.879050
  Ind_FixedZ0p7_muSD5_HC5p0_sigY1p7_sigC0p849 0.7          5.0                   5.0      1.697564      0.848782 0.422867 0.021438 0.373093  0.462922  0.226766 0.038112  0.173593   0.322573 1.000964  1.072013           0.2150         1.780204         0.196301       1.771262             0.935205
 Ind_FixedZ0p7_muSD10_HC5p0_sigY1p7_sigC0p849 0.7         10.0                   5.0      1.697564      0.848782 0.422874 0.021438 0.373099  0.462929  0.226766 0.038112  0.173593   0.322573 1.000964  1.072013           0.2150         1.780205         0.196308       1.771262             0.935205
   Ind_FixedZ0p7_muSD5_HC1p0_sigY1p7_sigC1p19 0.7          5.0                   1.0      1.697564      1.188295 0.410497 0.026784 0.367948  0.470900  0.200680 0.035173  0.150648   0.270581 1.053443  1.013037           0.2080         1.780511         0.179583       1.773347             0.933045
  Ind_FixedZ0p7_muSD10_HC1p0_sigY1p7_sigC1p19 0.7         10.0                   1.0      1.697564      1.188295 0.410507 0.026785 0.367957  0.470911  0.200680 0.035173  0.150648   0.270581 1.053444  1.013037           0.2080         1.780512         0.179593       1.773347             0.933045
  Ind_FixedZ0p7_muSD5_HC1p0_sigY1p36_sigC1p19 0.7          5.0                   1.0      1.358051      1.188295 0.399435 0.026674 0.351112  0.447720  0.237339 0.040596  0.164774   0.307869 1.029525  1.116659           0.2050         1.780879         0.170797       1.774587             0.879050
 Ind_FixedZ0p7_muSD10_HC1p0_sigY1p36_sigC1p19 0.7         10.0                   1.0      1.358051      1.188295 0.399443 0.026674 0.351120  0.447728  0.237339 0.040596  0.164774   0.307869 1.029526  1.116659           0.2050         1.780880         0.170805       1.774587             0.879050
 Ind_FixedZ0p7_muSD5_HC1p0_sigY2p04_sigC0p849 0.7          5.0                   1.0      2.037077      0.848782 0.439483 0.027105 0.392612  0.492523  0.218766 0.036995  0.165299   0.286053 1.125318  2.399700           0.1980         1.781073         0.208462       1.770744             0.965443
Ind_FixedZ0p7_muSD10_HC1p0_sigY2p04_sigC0p849 0.7         10.0                   1.0      2.037077      0.848782 0.439490 0.027105 0.392619  0.492531  0.218766 0.036995  0.165299   0.286053 1.125317  2.399700           0.1980         1.781073         0.208470       1.770744             0.965443
 Ind_FixedZ0p7_muSD5_HC1p0_sigY1p36_sigC0p849 0.7          5.0                   1.0      1.358051      0.848782 0.418470 0.018800 0.385432  0.457265  0.259384 0.028702  0.210504   0.321410 1.188044  1.074331           0.1995         1.781255         0.189028       1.773113             0.885529
Ind_FixedZ0p7_muSD10_HC1p0_sigY1p36_sigC0p849 0.7         10.0                   1.0      1.358051      0.848782 0.418476 0.018800 0.385437  0.457271  0.259384 0.028702  0.210504   0.321410 1.188047  1.074331           0.1995         1.781256         0.189034       1.773113             0.885529
   Ind_FixedZ0p7_muSD5_HC1p0_sigY1p7_sigC1p02 0.7          5.0                   1.0      1.697564      1.018538 0.410330 0.024989 0.348406  0.449005  0.180096 0.026958  0.146044   0.227458 1.004687  1.111608           0.1930         1.781395         0.178545       1.774342             0.935205
  Ind_FixedZ0p7_muSD10_HC1p0_sigY1p7_sigC1p02 0.7         10.0                   1.0      1.697564      1.018538 0.410338 0.024990 0.348414  0.449014  0.180096 0.026958  0.146044   0.227458 1.004687  1.111608           0.1930         1.781396         0.178553       1.774342             0.935205
  Ind_FixedZ0p7_muSD5_HC1p0_sigY1p7_sigC0p849 0.7          5.0                   1.0      1.697564      0.848782 0.436088 0.028756 0.376804  0.484534  0.207053 0.030558  0.147164   0.269884 1.076028  1.068608           0.1870         1.781419         0.205594       1.771430             0.933045
 Ind_FixedZ0p7_muSD10_HC1p0_sigY1p7_sigC0p849 0.7         10.0                   1.0      1.697564      0.848782 0.436095 0.028756 0.376810  0.484541  0.207053 0.030558  0.147164   0.269884 1.076029  1.068608           0.1870         1.781420         0.205601       1.771430             0.933045
  Ind_FixedZ0p7_muSD5_HC5p0_sigY2p04_sigC1p36 0.7          5.0                   5.0      2.037077      1.358051 0.418378 0.025038 0.363903  0.463037  0.199748 0.034244  0.166995   0.290925 1.249481  1.037315           0.2160         1.781619         0.191107       1.773255             0.967603
 Ind_FixedZ0p7_muSD10_HC5p0_sigY2p04_sigC1p36 0.7         10.0                   5.0      2.037077      1.358051 0.418392 0.025038 0.363917  0.463052  0.199748 0.034244  0.166995   0.290925 1.249493  1.037315           0.2160         1.781620         0.191121       1.773255             0.967603
  Ind_FixedZ0p7_muSD5_HC1p0_sigY2p04_sigC1p02 0.7          5.0                   1.0      2.037077      1.018538 0.434997 0.023798 0.393580  0.481676  0.219898 0.031805  0.172645   0.273821 1.070429  1.004579           0.1990         1.781653         0.203935       1.771857             0.967603
 Ind_FixedZ0p7_muSD10_HC1p0_sigY2p04_sigC1p02 0.7         10.0                   1.0      2.037077      1.018538 0.435007 0.023798 0.393590  0.481686  0.219898 0.031805  0.172645   0.273821 1.070431  1.004579           0.1990         1.781654         0.203945       1.771857             0.967603
  Ind_FixedZ0p7_muSD5_HC2p5_sigY2p04_sigC1p19 0.7          5.0                   2.5      2.037077      1.188295 0.436127 0.028122 0.385051  0.483906  0.208605 0.046345  0.143405   0.295204 1.097676  1.137236           0.2145         1.781812         0.207037       1.771657             0.967603
 Ind_FixedZ0p7_muSD10_HC2p5_sigY2p04_sigC1p19 0.7         10.0                   2.5      2.037077      1.188295 0.436140 0.028122 0.385063  0.483919  0.208605 0.046345  0.143405   0.295204 1.097676  1.137236           0.2145         1.781814         0.207050       1.771657             0.967603
  Ind_FixedZ0p7_muSD5_HC5p0_sigY1p36_sigC1p02 0.7          5.0                   5.0      1.358051      1.018538 0.420686 0.025845 0.364207  0.466321  0.242677 0.053862  0.174044   0.329072 1.057145  1.042541           0.2205         1.782026         0.187273       1.774075             0.881210
 Ind_FixedZ0p7_muSD10_HC5p0_sigY1p36_sigC1p02 0.7         10.0                   5.0      1.358051      1.018538 0.420694 0.025845 0.364214  0.466329  0.242677 0.053862  0.174044   0.329072 1.057147  1.042541           0.2205         1.782026         0.187280       1.774075             0.881210
  Ind_FixedZ0p7_muSD5_HC2p5_sigY2p04_sigC1p02 0.7          5.0                   2.5      2.037077      1.018538 0.430235 0.029461 0.385952  0.496441  0.200470 0.024914  0.160763   0.245571 1.224105  1.058479           0.2045         1.782160         0.202942       1.772483             0.967603
 Ind_FixedZ0p7_muSD10_HC2p5_sigY2p04_sigC1p02 0.7         10.0                   2.5      2.037077      1.018538 0.430245 0.029462 0.385961  0.496452  0.200470 0.024914  0.160763   0.245571 1.224110  1.058479           0.2045         1.782161         0.202951       1.772483             0.967603
 Ind_FixedZ0p7_muSD5_HC5p0_sigY2p04_sigC0p849 0.7          5.0                   5.0      2.037077      0.848782 0.443067 0.021392 0.406172  0.488950  0.244287 0.036332  0.189595   0.301083 1.026832  1.570333           0.2290         1.782439         0.207888       1.772190             0.967603
Ind_FixedZ0p7_muSD10_HC5p0_sigY2p04_sigC0p849 0.7         10.0                   5.0      2.037077      0.848782 0.443075 0.021392 0.406180  0.488958  0.244287 0.036332  0.189595   0.301083 1.026832  1.570333           0.2290         1.782440         0.207895       1.772190             0.967603
  Ind_FixedZ0p7_muSD5_HC2p5_sigY1p36_sigC1p02 0.7          5.0                   2.5      1.358051      1.018538 0.407906 0.022327 0.365054  0.449685  0.238836 0.048894  0.155951   0.327196 1.004454  1.408430           0.1965         1.783126         0.175990       1.776340             0.883369
 Ind_FixedZ0p7_muSD10_HC2p5_sigY1p36_sigC1p02 0.7         10.0                   2.5      1.358051      1.018538 0.407913 0.022327 0.365061  0.449693  0.238836 0.048894  0.155951   0.327196 1.004455  1.408430           0.1965         1.783127         0.175997       1.776340             0.883369
   Ind_FixedZ0p7_muSD5_HC5p0_sigY1p7_sigC1p19 0.7          5.0                   5.0      1.697564      1.188295 0.426447 0.026901 0.375537  0.481884  0.195685 0.040337  0.153372   0.294801 1.305791  0.999875           0.2080         1.783970         0.194546       1.775249             0.937365
  Ind_FixedZ0p7_muSD10_HC5p0_sigY1p7_sigC1p19 0.7         10.0                   5.0      1.697564      1.188295 0.426458 0.026901 0.375547  0.481895  0.195685 0.040337  0.153372   0.294801 1.305803  0.999875           0.2080         1.783971         0.194556       1.775249             0.937365
 Ind_FixedZ0p7_muSD5_HC2p5_sigY2p04_sigC0p849 0.7          5.0                   2.5      2.037077      0.848782 0.450290 0.023741 0.405669  0.495080  0.224171 0.040166  0.154938   0.326045 1.009300  1.092450           0.2080         1.784203         0.222502       1.772190             0.969762
Ind_FixedZ0p7_muSD10_HC2p5_sigY2p04_sigC0p849 0.7         10.0                   2.5      2.037077      0.848782 0.450298 0.023741 0.405676  0.495088  0.224171 0.040166  0.154938   0.326045 1.009300  1.092450           0.2080         1.784204         0.222509       1.772190             0.969762
  Ind_FixedZ0p7_muSD5_HC5p0_sigY2p04_sigC1p02 0.7          5.0                   5.0      2.037077      1.018538 0.422891 0.025350 0.377800  0.473150  0.218483 0.031048  0.163015   0.297996 1.002013  1.042726           0.2250         1.785819         0.191887       1.777400             0.965443
 Ind_FixedZ0p7_muSD10_HC5p0_sigY2p04_sigC1p02 0.7         10.0                   5.0      2.037077      1.018538 0.422900 0.025350 0.377810  0.473161  0.218483 0.031048  0.163015   0.297996 1.002013  1.042726           0.2250         1.785820         0.191896       1.777400             0.965443

Diagnostics for independent fixed Z Z_0p7
=========================================
                                        Model   Z  mu_prior_sd  tau_halfcauchy_scale  sigma_y_used  sigma_c_used  mu_mean    mu_sd  mu_2.5%  mu_97.5%  tau_mean   tau_sd  tau_2.5%  tau_97.5%  Rhat_mu  Rhat_tau  tau_accept_rate  Validation_RMSE  Validation_Bias  Validation_SE  Validation_Coverage
   Ind_FixedZ0p7_muSD5_HC2p5_sigY1p7_sigC1p19 0.7          5.0                   2.5      1.697564      1.188295 0.314574 0.126059 0.115993  0.469459  0.115419 0.074660  0.043672   0.262534 4.768328  3.362605           0.1985         1.772206         0.084193       1.772119             0.935205
  Ind_FixedZ0p7_muSD10_HC2p5_sigY1p7_sigC1p19 0.7         10.0                   2.5      1.697564      1.188295 0.314581 0.126063 0.115993  0.469470  0.115419 0.074660  0.043672   0.262534 4.768465  3.362605           0.1985         1.772206         0.084199       1.772119             0.935205
  Ind_FixedZ0p7_muSD5_HC2p5_sigY1p7_sigC0p849 0.7          5.0                   2.5      1.697564      0.848782 0.325468 0.110372 0.162551  0.470313  0.170883 0.133356  0.036450   0.340568 5.866990  8.383220           0.2050         1.773352         0.095905       1.772672             0.930886
 Ind_FixedZ0p7_muSD10_HC2p5_sigY1p7_sigC0p849 0.7         10.0                   2.5      1.697564      0.848782 0.325472 0.110375 0.162552  0.470321  0.170883 0.133356  0.036450   0.340568 5.867085  8.383220           0.2050         1.773352         0.095909       1.772672             0.930886
  Ind_FixedZ0p7_muSD5_HC1p0_sigY1p36_sigC1p02 0.7          5.0                   1.0      1.358051      1.018538 0.403010 0.021904 0.359914  0.442810  0.210043 0.049965  0.152504   0.290341 1.062562  2.423490           0.1960         1.777408         0.173285       1.770854             0.881210
 Ind_FixedZ0p7_muSD10_HC1p0_sigY1p36_sigC1p02 0.7         10.0                   1.0      1.358051      1.018538 0.403017 0.021904 0.359921  0.442817  0.210043 0.049965  0.152504   0.290341 1.062562  2.423490           0.1960         1.777409         0.173292       1.770854             0.881210
   Ind_FixedZ0p7_muSD5_HC1p0_sigY1p7_sigC1p36 0.7          5.0                   1.0      1.697564      1.358051 0.403869 0.032358 0.354591  0.469017  0.207883 0.038547  0.138165   0.275257 1.057706  1.049497           0.2020         1.777593         0.174435       1.770927             0.937365
  Ind_FixedZ0p7_muSD10_HC1p0_sigY1p7_sigC1p36 0.7         10.0                   1.0      1.697564      1.358051 0.403881 0.032359 0.354602  0.469030  0.207883 0.038547  0.138165   0.275257 1.057707  1.049497           0.2020         1.777594         0.174447       1.770927             0.937365
  Ind_FixedZ0p7_muSD5_HC5p0_sigY2p04_sigC1p19 0.7          5.0                   5.0      2.037077      1.188295 0.417682 0.043422 0.302863  0.476103  0.165724 0.079143  0.080604   0.314259 1.167076  3.959361           0.2055         1.777640         0.186813       1.769709             0.965443
 Ind_FixedZ0p7_muSD10_HC5p0_sigY2p04_sigC1p19 0.7         10.0                   5.0      2.037077      1.188295 0.417692 0.043424 0.302866  0.476116  0.165724 0.079143  0.080604   0.314259 1.167113  3.959361           0.2055         1.777641         0.186822       1.769709             0.965443
  Ind_FixedZ0p7_muSD5_HC1p0_sigY2p04_sigC1p36 0.7          5.0                   1.0      2.037077      1.358051 0.410371 0.021717 0.371832  0.454780  0.207851 0.036498  0.143224   0.291544 1.003974  1.085040           0.2260         1.777807         0.181358       1.770445             0.965443
 Ind_FixedZ0p7_muSD10_HC1p0_sigY2p04_sigC1p36 0.7         10.0                   1.0      2.037077      1.358051 0.410385 0.021717 0.371846  0.454794  0.207851 0.036498  0.143224   0.291544 1.003974  1.085040           0.2260         1.777808         0.181371       1.770445             0.965443
  Ind_FixedZ0p7_muSD5_HC2p5_sigY2p04_sigC1p36 0.7          5.0                   2.5      2.037077      1.358051 0.425050 0.017299 0.387784  0.455868  0.187647 0.028072  0.153473   0.251118 1.014728  1.014995           0.1950         1.777891         0.195860       1.768981             0.963283
 Ind_FixedZ0p7_muSD10_HC2p5_sigY2p04_sigC1p36 0.7         10.0                   2.5      2.037077      1.358051 0.425064 0.017299 0.387798  0.455883  0.187647 0.028072  0.153473   0.251118 1.014730  1.014995           0.1950         1.777893         0.195874       1.768981             0.963283
  Ind_FixedZ0p7_muSD5_HC5p0_sigY1p36_sigC1p19 0.7          5.0                   5.0      1.358051      1.188295 0.397672 0.022027 0.342308  0.434638  0.244512 0.046161  0.183180   0.327771 1.072634  1.074001           0.2120         1.778027         0.169394       1.771854             0.885529
 Ind_FixedZ0p7_muSD10_HC5p0_sigY1p36_sigC1p19 0.7         10.0                   5.0      1.358051      1.188295 0.397680 0.022027 0.342316  0.434646  0.244512 0.046161  0.183180   0.327771 1.072634  1.074001           0.2120         1.778028         0.169402       1.771854             0.885529
  Ind_FixedZ0p7_muSD5_HC1p0_sigY1p36_sigC1p36 0.7          5.0                   1.0      1.358051      1.358051 0.367666 0.020573 0.333354  0.409953  0.175797 0.050405  0.122985   0.285735 1.107258  2.963468           0.1875         1.778056         0.140066       1.774448             0.883369
 Ind_FixedZ0p7_muSD10_HC1p0_sigY1p36_sigC1p36 0.7         10.0                   1.0      1.358051      1.358051 0.367674 0.020573 0.333363  0.409963  0.175797 0.050405  0.122985   0.285735 1.107269  2.963468           0.1875         1.778057         0.140075       1.774448             0.883369
   Ind_FixedZ0p7_muSD5_HC2p5_sigY1p7_sigC1p36 0.7          5.0                   2.5      1.697564      1.358051 0.397664 0.024741 0.342225  0.435108  0.189719 0.030717  0.155434   0.278621 1.088429  1.222308           0.1855         1.778093         0.169776       1.771883             0.930886
  Ind_FixedZ0p7_muSD10_HC2p5_sigY1p7_sigC1p36 0.7         10.0                   2.5      1.697564      1.358051 0.397675 0.024741 0.342236  0.435119  0.189719 0.030717  0.155434   0.278621 1.088429  1.222308           0.1855         1.778094         0.169787       1.771883             0.930886
   Ind_FixedZ0p7_muSD5_HC2p5_sigY1p7_sigC1p02 0.7          5.0                   2.5      1.697564      1.018538 0.413929 0.022767 0.369141  0.464551  0.211769 0.034141  0.169864   0.287274 1.004759  1.146699           0.2010         1.778407         0.181723       1.771012             0.939525
  Ind_FixedZ0p7_muSD10_HC2p5_sigY1p7_sigC1p02 0.7         10.0                   2.5      1.697564      1.018538 0.413938 0.022767 0.369149  0.464559  0.211769 0.034141  0.169864   0.287274 1.004759  1.146699           0.2010         1.778408         0.181731       1.771012             0.939525
   Ind_FixedZ0p7_muSD5_HC5p0_sigY1p7_sigC1p02 0.7          5.0                   5.0      1.697564      1.018538 0.423092 0.022343 0.380280  0.472148  0.197417 0.043111  0.141091   0.282457 1.062520  0.999878           0.2100         1.778834         0.194414       1.770090             0.939525
  Ind_FixedZ0p7_muSD10_HC5p0_sigY1p7_sigC1p02 0.7         10.0                   5.0      1.697564      1.018538 0.423100 0.022344 0.380288  0.472156  0.197417 0.043111  0.141091   0.282457 1.062520  0.999878           0.2100         1.778835         0.194423       1.770090             0.939525
 Ind_FixedZ0p7_muSD5_HC2p5_sigY1p36_sigC0p849 0.7          5.0                   2.5      1.358051      0.848782 0.415735 0.021232 0.379263  0.458641  0.257430 0.026055  0.215404   0.317842 1.018489  1.195628           0.1975         1.779481         0.184840       1.771770             0.889849
Ind_FixedZ0p7_muSD10_HC2p5_sigY1p36_sigC0p849 0.7         10.0                   2.5      1.358051      0.848782 0.415741 0.021232 0.379269  0.458648  0.257430 0.026055  0.215404   0.317842 1.018489  1.195628           0.1975         1.779482         0.184846       1.771770             0.889849
  Ind_FixedZ0p7_muSD5_HC2p5_sigY1p36_sigC1p36 0.7          5.0                   2.5      1.358051      1.358051 0.393718 0.022913 0.349679  0.438934  0.249908 0.033693  0.189990   0.326198 0.999913  1.036654           0.2085         1.779838         0.164716       1.774117             0.881210
 Ind_FixedZ0p7_muSD10_HC2p5_sigY1p36_sigC1p36 0.7         10.0                   2.5      1.358051      1.358051 0.393727 0.022913 0.349688  0.438944  0.249908 0.033693  0.189990   0.326198 0.999913  1.036654           0.2085         1.779839         0.164726       1.774117             0.881210
   Ind_FixedZ0p7_muSD5_HC5p0_sigY1p7_sigC1p36 0.7          5.0                   5.0      1.697564      1.358051 0.400222 0.029057 0.331954  0.454353  0.258322 0.034542  0.203109   0.341633 1.026373  1.000042           0.2300         1.779984         0.175482       1.773229             0.935205
  Ind_FixedZ0p7_muSD10_HC5p0_sigY1p7_sigC1p36 0.7         10.0                   5.0      1.697564      1.358051 0.400234 0.029057 0.331964  0.454365  0.258322 0.034542  0.203109   0.341633 1.026374  1.000042           0.2300         1.779986         0.175494       1.773229             0.935205
  Ind_FixedZ0p7_muSD5_HC2p5_sigY1p36_sigC1p19 0.7          5.0                   2.5      1.358051      1.188295 0.394707 0.021305 0.353592  0.440621  0.238803 0.039491  0.180176   0.317042 1.049427  1.044601           0.2150         1.779993         0.165435       1.774205             0.879050
 Ind_FixedZ0p7_muSD10_HC2p5_sigY1p36_sigC1p19 0.7         10.0                   2.5      1.358051      1.188295 0.394715 0.021305 0.353600  0.440630  0.238803 0.039491  0.180176   0.317042 1.049429  1.044601           0.2150         1.779994         0.165443       1.774205             0.879050
  Ind_FixedZ0p7_muSD5_HC5p0_sigY1p36_sigC1p36 0.7          5.0                   5.0      1.358051      1.358051 0.394236 0.027594 0.342939  0.450395  0.265367 0.040531  0.211621   0.336135 1.282654  1.111544           0.2235         1.780029         0.162548       1.774509             0.887689
 Ind_FixedZ0p7_muSD10_HC5p0_sigY1p36_sigC1p36 0.7         10.0                   5.0      1.358051      1.358051 0.394246 0.027594 0.342947  0.450405  0.265367 0.040531  0.211621   0.336135 1.282659  1.111544           0.2235         1.780029         0.162558       1.774509             0.887689
  Ind_FixedZ0p7_muSD5_HC1p0_sigY2p04_sigC1p19 0.7          5.0                   1.0      2.037077      1.188295 0.407282 0.025032 0.359943  0.455155  0.196472 0.035108  0.142684   0.278296 1.035542  1.126695           0.2055         1.780121         0.175327       1.773382             0.965443
 Ind_FixedZ0p7_muSD10_HC1p0_sigY2p04_sigC1p19 0.7         10.0                   1.0      2.037077      1.188295 0.407293 0.025032 0.359954  0.455168  0.196472 0.035108  0.142684   0.278296 1.035545  1.126695           0.2055         1.780122         0.175338       1.773382             0.965443
 Ind_FixedZ0p7_muSD5_HC5p0_sigY1p36_sigC0p849 0.7          5.0                   5.0      1.358051      0.848782 0.421769 0.020867 0.381462  0.465669  0.256874 0.050429  0.192058   0.364229 0.999835  1.003384           0.2090         1.780140         0.194041       1.771447             0.879050
Ind_FixedZ0p7_muSD10_HC5p0_sigY1p36_sigC0p849 0.7         10.0                   5.0      1.358051      0.848782 0.421775 0.020867 0.381467  0.465675  0.256874 0.050429  0.192058   0.364229 0.999835  1.003384           0.2090         1.780141         0.194046       1.771447             0.879050
  Ind_FixedZ0p7_muSD5_HC5p0_sigY1p7_sigC0p849 0.7          5.0                   5.0      1.697564      0.848782 0.422867 0.021438 0.373093  0.462922  0.226766 0.038112  0.173593   0.322573 1.000964  1.072013           0.2150         1.780204         0.196301       1.771262             0.935205
 Ind_FixedZ0p7_muSD10_HC5p0_sigY1p7_sigC0p849 0.7         10.0                   5.0      1.697564      0.848782 0.422874 0.021438 0.373099  0.462929  0.226766 0.038112  0.173593   0.322573 1.000964  1.072013           0.2150         1.780205         0.196308       1.771262             0.935205
   Ind_FixedZ0p7_muSD5_HC1p0_sigY1p7_sigC1p19 0.7          5.0                   1.0      1.697564      1.188295 0.410497 0.026784 0.367948  0.470900  0.200680 0.035173  0.150648   0.270581 1.053443  1.013037           0.2080         1.780511         0.179583       1.773347             0.933045
  Ind_FixedZ0p7_muSD10_HC1p0_sigY1p7_sigC1p19 0.7         10.0                   1.0      1.697564      1.188295 0.410507 0.026785 0.367957  0.470911  0.200680 0.035173  0.150648   0.270581 1.053444  1.013037           0.2080         1.780512         0.179593       1.773347             0.933045
  Ind_FixedZ0p7_muSD5_HC1p0_sigY1p36_sigC1p19 0.7          5.0                   1.0      1.358051      1.188295 0.399435 0.026674 0.351112  0.447720  0.237339 0.040596  0.164774   0.307869 1.029525  1.116659           0.2050         1.780879         0.170797       1.774587             0.879050
 Ind_FixedZ0p7_muSD10_HC1p0_sigY1p36_sigC1p19 0.7         10.0                   1.0      1.358051      1.188295 0.399443 0.026674 0.351120  0.447728  0.237339 0.040596  0.164774   0.307869 1.029526  1.116659           0.2050         1.780880         0.170805       1.774587             0.879050
 Ind_FixedZ0p7_muSD5_HC1p0_sigY2p04_sigC0p849 0.7          5.0                   1.0      2.037077      0.848782 0.439483 0.027105 0.392612  0.492523  0.218766 0.036995  0.165299   0.286053 1.125318  2.399700           0.1980         1.781073         0.208462       1.770744             0.965443
Ind_FixedZ0p7_muSD10_HC1p0_sigY2p04_sigC0p849 0.7         10.0                   1.0      2.037077      0.848782 0.439490 0.027105 0.392619  0.492531  0.218766 0.036995  0.165299   0.286053 1.125317  2.399700           0.1980         1.781073         0.208470       1.770744             0.965443
 Ind_FixedZ0p7_muSD5_HC1p0_sigY1p36_sigC0p849 0.7          5.0                   1.0      1.358051      0.848782 0.418470 0.018800 0.385432  0.457265  0.259384 0.028702  0.210504   0.321410 1.188044  1.074331           0.1995         1.781255         0.189028       1.773113             0.885529
Ind_FixedZ0p7_muSD10_HC1p0_sigY1p36_sigC0p849 0.7         10.0                   1.0      1.358051      0.848782 0.418476 0.018800 0.385437  0.457271  0.259384 0.028702  0.210504   0.321410 1.188047  1.074331           0.1995         1.781256         0.189034       1.773113             0.885529
   Ind_FixedZ0p7_muSD5_HC1p0_sigY1p7_sigC1p02 0.7          5.0                   1.0      1.697564      1.018538 0.410330 0.024989 0.348406  0.449005  0.180096 0.026958  0.146044   0.227458 1.004687  1.111608           0.1930         1.781395         0.178545       1.774342             0.935205
  Ind_FixedZ0p7_muSD10_HC1p0_sigY1p7_sigC1p02 0.7         10.0                   1.0      1.697564      1.018538 0.410338 0.024990 0.348414  0.449014  0.180096 0.026958  0.146044   0.227458 1.004687  1.111608           0.1930         1.781396         0.178553       1.774342             0.935205
  Ind_FixedZ0p7_muSD5_HC1p0_sigY1p7_sigC0p849 0.7          5.0                   1.0      1.697564      0.848782 0.436088 0.028756 0.376804  0.484534  0.207053 0.030558  0.147164   0.269884 1.076028  1.068608           0.1870         1.781419         0.205594       1.771430             0.933045
 Ind_FixedZ0p7_muSD10_HC1p0_sigY1p7_sigC0p849 0.7         10.0                   1.0      1.697564      0.848782 0.436095 0.028756 0.376810  0.484541  0.207053 0.030558  0.147164   0.269884 1.076029  1.068608           0.1870         1.781420         0.205601       1.771430             0.933045
  Ind_FixedZ0p7_muSD5_HC5p0_sigY2p04_sigC1p36 0.7          5.0                   5.0      2.037077      1.358051 0.418378 0.025038 0.363903  0.463037  0.199748 0.034244  0.166995   0.290925 1.249481  1.037315           0.2160         1.781619         0.191107       1.773255             0.967603
 Ind_FixedZ0p7_muSD10_HC5p0_sigY2p04_sigC1p36 0.7         10.0                   5.0      2.037077      1.358051 0.418392 0.025038 0.363917  0.463052  0.199748 0.034244  0.166995   0.290925 1.249493  1.037315           0.2160         1.781620         0.191121       1.773255             0.967603
  Ind_FixedZ0p7_muSD5_HC1p0_sigY2p04_sigC1p02 0.7          5.0                   1.0      2.037077      1.018538 0.434997 0.023798 0.393580  0.481676  0.219898 0.031805  0.172645   0.273821 1.070429  1.004579           0.1990         1.781653         0.203935       1.771857             0.967603
 Ind_FixedZ0p7_muSD10_HC1p0_sigY2p04_sigC1p02 0.7         10.0                   1.0      2.037077      1.018538 0.435007 0.023798 0.393590  0.481686  0.219898 0.031805  0.172645   0.273821 1.070431  1.004579           0.1990         1.781654         0.203945       1.771857             0.967603
  Ind_FixedZ0p7_muSD5_HC2p5_sigY2p04_sigC1p19 0.7          5.0                   2.5      2.037077      1.188295 0.436127 0.028122 0.385051  0.483906  0.208605 0.046345  0.143405   0.295204 1.097676  1.137236           0.2145         1.781812         0.207037       1.771657             0.967603
 Ind_FixedZ0p7_muSD10_HC2p5_sigY2p04_sigC1p19 0.7         10.0                   2.5      2.037077      1.188295 0.436140 0.028122 0.385063  0.483919  0.208605 0.046345  0.143405   0.295204 1.097676  1.137236           0.2145         1.781814         0.207050       1.771657             0.967603
  Ind_FixedZ0p7_muSD5_HC5p0_sigY1p36_sigC1p02 0.7          5.0                   5.0      1.358051      1.018538 0.420686 0.025845 0.364207  0.466321  0.242677 0.053862  0.174044   0.329072 1.057145  1.042541           0.2205         1.782026         0.187273       1.774075             0.881210
 Ind_FixedZ0p7_muSD10_HC5p0_sigY1p36_sigC1p02 0.7         10.0                   5.0      1.358051      1.018538 0.420694 0.025845 0.364214  0.466329  0.242677 0.053862  0.174044   0.329072 1.057147  1.042541           0.2205         1.782026         0.187280       1.774075             0.881210
  Ind_FixedZ0p7_muSD5_HC2p5_sigY2p04_sigC1p02 0.7          5.0                   2.5      2.037077      1.018538 0.430235 0.029461 0.385952  0.496441  0.200470 0.024914  0.160763   0.245571 1.224105  1.058479           0.2045         1.782160         0.202942       1.772483             0.967603
 Ind_FixedZ0p7_muSD10_HC2p5_sigY2p04_sigC1p02 0.7         10.0                   2.5      2.037077      1.018538 0.430245 0.029462 0.385961  0.496452  0.200470 0.024914  0.160763   0.245571 1.224110  1.058479           0.2045         1.782161         0.202951       1.772483             0.967603
 Ind_FixedZ0p7_muSD5_HC5p0_sigY2p04_sigC0p849 0.7          5.0                   5.0      2.037077      0.848782 0.443067 0.021392 0.406172  0.488950  0.244287 0.036332  0.189595   0.301083 1.026832  1.570333           0.2290         1.782439         0.207888       1.772190             0.967603
Ind_FixedZ0p7_muSD10_HC5p0_sigY2p04_sigC0p849 0.7         10.0                   5.0      2.037077      0.848782 0.443075 0.021392 0.406180  0.488958  0.244287 0.036332  0.189595   0.301083 1.026832  1.570333           0.2290         1.782440         0.207895       1.772190             0.967603
  Ind_FixedZ0p7_muSD5_HC2p5_sigY1p36_sigC1p02 0.7          5.0                   2.5      1.358051      1.018538 0.407906 0.022327 0.365054  0.449685  0.238836 0.048894  0.155951   0.327196 1.004454  1.408430           0.1965         1.783126         0.175990       1.776340             0.883369
 Ind_FixedZ0p7_muSD10_HC2p5_sigY1p36_sigC1p02 0.7         10.0                   2.5      1.358051      1.018538 0.407913 0.022327 0.365061  0.449693  0.238836 0.048894  0.155951   0.327196 1.004455  1.408430           0.1965         1.783127         0.175997       1.776340             0.883369
   Ind_FixedZ0p7_muSD5_HC5p0_sigY1p7_sigC1p19 0.7          5.0                   5.0      1.697564      1.188295 0.426447 0.026901 0.375537  0.481884  0.195685 0.040337  0.153372   0.294801 1.305791  0.999875           0.2080         1.783970         0.194546       1.775249             0.937365
  Ind_FixedZ0p7_muSD10_HC5p0_sigY1p7_sigC1p19 0.7         10.0                   5.0      1.697564      1.188295 0.426458 0.026901 0.375547  0.481895  0.195685 0.040337  0.153372   0.294801 1.305803  0.999875           0.2080         1.783971         0.194556       1.775249             0.937365
 Ind_FixedZ0p7_muSD5_HC2p5_sigY2p04_sigC0p849 0.7          5.0                   2.5      2.037077      0.848782 0.450290 0.023741 0.405669  0.495080  0.224171 0.040166  0.154938   0.326045 1.009300  1.092450           0.2080         1.784203         0.222502       1.772190             0.969762
Ind_FixedZ0p7_muSD10_HC2p5_sigY2p04_sigC0p849 0.7         10.0                   2.5      2.037077      0.848782 0.450298 0.023741 0.405676  0.495088  0.224171 0.040166  0.154938   0.326045 1.009300  1.092450           0.2080         1.784204         0.222509       1.772190             0.969762
  Ind_FixedZ0p7_muSD5_HC5p0_sigY2p04_sigC1p02 0.7          5.0                   5.0      2.037077      1.018538 0.422891 0.025350 0.377800  0.473150  0.218483 0.031048  0.163015   0.297996 1.002013  1.042726           0.2250         1.785819         0.191887       1.777400             0.965443
 Ind_FixedZ0p7_muSD10_HC5p0_sigY2p04_sigC1p02 0.7         10.0                   5.0      2.037077      1.018538 0.422900 0.025350 0.377810  0.473161  0.218483 0.031048  0.163015   0.297996 1.002013  1.042726           0.2250         1.785820         0.191896       1.777400             0.965443

Comparison with baselines for independent fixed Z Z_0p7
=======================================================
 Rank_by_RMSE                                         Model   Z  mu_prior_sd  tau_halfcauchy_scale  sigma_y_used  sigma_c_used  Validation_RMSE  Validation_Bias  Validation_SE  Validation_Coverage  Rhat_mu  Rhat_tau  tau_accept_rate                  Method_Type
            1               MICE-style iterative regression NaN          NaN                   NaN           NaN           NaN         1.681353        -0.058638       1.682148                  NaN      NaN       NaN              NaN            Comparison method
            2                          Gaussian Naive Bayes NaN          NaN                   NaN           NaN           NaN         1.714547         0.013585       1.716348                  NaN      NaN       NaN              NaN            Comparison method
            3                                    Naive mean NaN          NaN                   NaN           NaN           NaN         1.749896         0.080302       1.749944                  NaN      NaN       NaN              NaN            Comparison method
            4    Ind_FixedZ0p7_muSD5_HC2p5_sigY1p7_sigC1p19 0.7          5.0                   2.5      1.697564      1.188295         1.772206         0.084193       1.772119             0.935205 4.768328  3.362605           0.1985 Bayesian independent fixed Z
            5   Ind_FixedZ0p7_muSD10_HC2p5_sigY1p7_sigC1p19 0.7         10.0                   2.5      1.697564      1.188295         1.772206         0.084199       1.772119             0.935205 4.768465  3.362605           0.1985 Bayesian independent fixed Z
            6   Ind_FixedZ0p7_muSD5_HC2p5_sigY1p7_sigC0p849 0.7          5.0                   2.5      1.697564      0.848782         1.773352         0.095905       1.772672             0.930886 5.866990  8.383220           0.2050 Bayesian independent fixed Z
            7  Ind_FixedZ0p7_muSD10_HC2p5_sigY1p7_sigC0p849 0.7         10.0                   2.5      1.697564      0.848782         1.773352         0.095909       1.772672             0.930886 5.867085  8.383220           0.2050 Bayesian independent fixed Z
            8   Ind_FixedZ0p7_muSD5_HC1p0_sigY1p36_sigC1p02 0.7          5.0                   1.0      1.358051      1.018538         1.777408         0.173285       1.770854             0.881210 1.062562  2.423490           0.1960 Bayesian independent fixed Z
            9  Ind_FixedZ0p7_muSD10_HC1p0_sigY1p36_sigC1p02 0.7         10.0                   1.0      1.358051      1.018538         1.777409         0.173292       1.770854             0.881210 1.062562  2.423490           0.1960 Bayesian independent fixed Z
           10    Ind_FixedZ0p7_muSD5_HC1p0_sigY1p7_sigC1p36 0.7          5.0                   1.0      1.697564      1.358051         1.777593         0.174435       1.770927             0.937365 1.057706  1.049497           0.2020 Bayesian independent fixed Z
           11   Ind_FixedZ0p7_muSD10_HC1p0_sigY1p7_sigC1p36 0.7         10.0                   1.0      1.697564      1.358051         1.777594         0.174447       1.770927             0.937365 1.057707  1.049497           0.2020 Bayesian independent fixed Z
           12   Ind_FixedZ0p7_muSD5_HC5p0_sigY2p04_sigC1p19 0.7          5.0                   5.0      2.037077      1.188295         1.777640         0.186813       1.769709             0.965443 1.167076  3.959361           0.2055 Bayesian independent fixed Z
           13  Ind_FixedZ0p7_muSD10_HC5p0_sigY2p04_sigC1p19 0.7         10.0                   5.0      2.037077      1.188295         1.777641         0.186822       1.769709             0.965443 1.167113  3.959361           0.2055 Bayesian independent fixed Z
           14   Ind_FixedZ0p7_muSD5_HC1p0_sigY2p04_sigC1p36 0.7          5.0                   1.0      2.037077      1.358051         1.777807         0.181358       1.770445             0.965443 1.003974  1.085040           0.2260 Bayesian independent fixed Z
           15  Ind_FixedZ0p7_muSD10_HC1p0_sigY2p04_sigC1p36 0.7         10.0                   1.0      2.037077      1.358051         1.777808         0.181371       1.770445             0.965443 1.003974  1.085040           0.2260 Bayesian independent fixed Z
           16   Ind_FixedZ0p7_muSD5_HC2p5_sigY2p04_sigC1p36 0.7          5.0                   2.5      2.037077      1.358051         1.777891         0.195860       1.768981             0.963283 1.014728  1.014995           0.1950 Bayesian independent fixed Z
           17  Ind_FixedZ0p7_muSD10_HC2p5_sigY2p04_sigC1p36 0.7         10.0                   2.5      2.037077      1.358051         1.777893         0.195874       1.768981             0.963283 1.014730  1.014995           0.1950 Bayesian independent fixed Z
           18   Ind_FixedZ0p7_muSD5_HC5p0_sigY1p36_sigC1p19 0.7          5.0                   5.0      1.358051      1.188295         1.778027         0.169394       1.771854             0.885529 1.072634  1.074001           0.2120 Bayesian independent fixed Z
           19  Ind_FixedZ0p7_muSD10_HC5p0_sigY1p36_sigC1p19 0.7         10.0                   5.0      1.358051      1.188295         1.778028         0.169402       1.771854             0.885529 1.072634  1.074001           0.2120 Bayesian independent fixed Z
           20   Ind_FixedZ0p7_muSD5_HC1p0_sigY1p36_sigC1p36 0.7          5.0                   1.0      1.358051      1.358051         1.778056         0.140066       1.774448             0.883369 1.107258  2.963468           0.1875 Bayesian independent fixed Z
           21  Ind_FixedZ0p7_muSD10_HC1p0_sigY1p36_sigC1p36 0.7         10.0                   1.0      1.358051      1.358051         1.778057         0.140075       1.774448             0.883369 1.107269  2.963468           0.1875 Bayesian independent fixed Z
           22    Ind_FixedZ0p7_muSD5_HC2p5_sigY1p7_sigC1p36 0.7          5.0                   2.5      1.697564      1.358051         1.778093         0.169776       1.771883             0.930886 1.088429  1.222308           0.1855 Bayesian independent fixed Z
           23   Ind_FixedZ0p7_muSD10_HC2p5_sigY1p7_sigC1p36 0.7         10.0                   2.5      1.697564      1.358051         1.778094         0.169787       1.771883             0.930886 1.088429  1.222308           0.1855 Bayesian independent fixed Z
           24    Ind_FixedZ0p7_muSD5_HC2p5_sigY1p7_sigC1p02 0.7          5.0                   2.5      1.697564      1.018538         1.778407         0.181723       1.771012             0.939525 1.004759  1.146699           0.2010 Bayesian independent fixed Z
           25   Ind_FixedZ0p7_muSD10_HC2p5_sigY1p7_sigC1p02 0.7         10.0                   2.5      1.697564      1.018538         1.778408         0.181731       1.771012             0.939525 1.004759  1.146699           0.2010 Bayesian independent fixed Z
           26    Ind_FixedZ0p7_muSD5_HC5p0_sigY1p7_sigC1p02 0.7          5.0                   5.0      1.697564      1.018538         1.778834         0.194414       1.770090             0.939525 1.062520  0.999878           0.2100 Bayesian independent fixed Z
           27   Ind_FixedZ0p7_muSD10_HC5p0_sigY1p7_sigC1p02 0.7         10.0                   5.0      1.697564      1.018538         1.778835         0.194423       1.770090             0.939525 1.062520  0.999878           0.2100 Bayesian independent fixed Z
           28  Ind_FixedZ0p7_muSD5_HC2p5_sigY1p36_sigC0p849 0.7          5.0                   2.5      1.358051      0.848782         1.779481         0.184840       1.771770             0.889849 1.018489  1.195628           0.1975 Bayesian independent fixed Z
           29 Ind_FixedZ0p7_muSD10_HC2p5_sigY1p36_sigC0p849 0.7         10.0                   2.5      1.358051      0.848782         1.779482         0.184846       1.771770             0.889849 1.018489  1.195628           0.1975 Bayesian independent fixed Z
           30   Ind_FixedZ0p7_muSD5_HC2p5_sigY1p36_sigC1p36 0.7          5.0                   2.5      1.358051      1.358051         1.779838         0.164716       1.774117             0.881210 0.999913  1.036654           0.2085 Bayesian independent fixed Z
           31  Ind_FixedZ0p7_muSD10_HC2p5_sigY1p36_sigC1p36 0.7         10.0                   2.5      1.358051      1.358051         1.779839         0.164726       1.774117             0.881210 0.999913  1.036654           0.2085 Bayesian independent fixed Z
           32    Ind_FixedZ0p7_muSD5_HC5p0_sigY1p7_sigC1p36 0.7          5.0                   5.0      1.697564      1.358051         1.779984         0.175482       1.773229             0.935205 1.026373  1.000042           0.2300 Bayesian independent fixed Z
           33   Ind_FixedZ0p7_muSD10_HC5p0_sigY1p7_sigC1p36 0.7         10.0                   5.0      1.697564      1.358051         1.779986         0.175494       1.773229             0.935205 1.026374  1.000042           0.2300 Bayesian independent fixed Z
           34   Ind_FixedZ0p7_muSD5_HC2p5_sigY1p36_sigC1p19 0.7          5.0                   2.5      1.358051      1.188295         1.779993         0.165435       1.774205             0.879050 1.049427  1.044601           0.2150 Bayesian independent fixed Z
           35  Ind_FixedZ0p7_muSD10_HC2p5_sigY1p36_sigC1p19 0.7         10.0                   2.5      1.358051      1.188295         1.779994         0.165443       1.774205             0.879050 1.049429  1.044601           0.2150 Bayesian independent fixed Z
           36   Ind_FixedZ0p7_muSD5_HC5p0_sigY1p36_sigC1p36 0.7          5.0                   5.0      1.358051      1.358051         1.780029         0.162548       1.774509             0.887689 1.282654  1.111544           0.2235 Bayesian independent fixed Z
           37  Ind_FixedZ0p7_muSD10_HC5p0_sigY1p36_sigC1p36 0.7         10.0                   5.0      1.358051      1.358051         1.780029         0.162558       1.774509             0.887689 1.282659  1.111544           0.2235 Bayesian independent fixed Z
           38   Ind_FixedZ0p7_muSD5_HC1p0_sigY2p04_sigC1p19 0.7          5.0                   1.0      2.037077      1.188295         1.780121         0.175327       1.773382             0.965443 1.035542  1.126695           0.2055 Bayesian independent fixed Z
           39  Ind_FixedZ0p7_muSD10_HC1p0_sigY2p04_sigC1p19 0.7         10.0                   1.0      2.037077      1.188295         1.780122         0.175338       1.773382             0.965443 1.035545  1.126695           0.2055 Bayesian independent fixed Z
           40  Ind_FixedZ0p7_muSD5_HC5p0_sigY1p36_sigC0p849 0.7          5.0                   5.0      1.358051      0.848782         1.780140         0.194041       1.771447             0.879050 0.999835  1.003384           0.2090 Bayesian independent fixed Z
           41 Ind_FixedZ0p7_muSD10_HC5p0_sigY1p36_sigC0p849 0.7         10.0                   5.0      1.358051      0.848782         1.780141         0.194046       1.771447             0.879050 0.999835  1.003384           0.2090 Bayesian independent fixed Z
           42   Ind_FixedZ0p7_muSD5_HC5p0_sigY1p7_sigC0p849 0.7          5.0                   5.0      1.697564      0.848782         1.780204         0.196301       1.771262             0.935205 1.000964  1.072013           0.2150 Bayesian independent fixed Z
           43  Ind_FixedZ0p7_muSD10_HC5p0_sigY1p7_sigC0p849 0.7         10.0                   5.0      1.697564      0.848782         1.780205         0.196308       1.771262             0.935205 1.000964  1.072013           0.2150 Bayesian independent fixed Z
           44    Ind_FixedZ0p7_muSD5_HC1p0_sigY1p7_sigC1p19 0.7          5.0                   1.0      1.697564      1.188295         1.780511         0.179583       1.773347             0.933045 1.053443  1.013037           0.2080 Bayesian independent fixed Z
           45   Ind_FixedZ0p7_muSD10_HC1p0_sigY1p7_sigC1p19 0.7         10.0                   1.0      1.697564      1.188295         1.780512         0.179593       1.773347             0.933045 1.053444  1.013037           0.2080 Bayesian independent fixed Z
           46   Ind_FixedZ0p7_muSD5_HC1p0_sigY1p36_sigC1p19 0.7          5.0                   1.0      1.358051      1.188295         1.780879         0.170797       1.774587             0.879050 1.029525  1.116659           0.2050 Bayesian independent fixed Z
           47  Ind_FixedZ0p7_muSD10_HC1p0_sigY1p36_sigC1p19 0.7         10.0                   1.0      1.358051      1.188295         1.780880         0.170805       1.774587             0.879050 1.029526  1.116659           0.2050 Bayesian independent fixed Z
           48  Ind_FixedZ0p7_muSD5_HC1p0_sigY2p04_sigC0p849 0.7          5.0                   1.0      2.037077      0.848782         1.781073         0.208462       1.770744             0.965443 1.125318  2.399700           0.1980 Bayesian independent fixed Z
           49 Ind_FixedZ0p7_muSD10_HC1p0_sigY2p04_sigC0p849 0.7         10.0                   1.0      2.037077      0.848782         1.781073         0.208470       1.770744             0.965443 1.125317  2.399700           0.1980 Bayesian independent fixed Z
           50  Ind_FixedZ0p7_muSD5_HC1p0_sigY1p36_sigC0p849 0.7          5.0                   1.0      1.358051      0.848782         1.781255         0.189028       1.773113             0.885529 1.188044  1.074331           0.1995 Bayesian independent fixed Z
           51 Ind_FixedZ0p7_muSD10_HC1p0_sigY1p36_sigC0p849 0.7         10.0                   1.0      1.358051      0.848782         1.781256         0.189034       1.773113             0.885529 1.188047  1.074331           0.1995 Bayesian independent fixed Z
           52    Ind_FixedZ0p7_muSD5_HC1p0_sigY1p7_sigC1p02 0.7          5.0                   1.0      1.697564      1.018538         1.781395         0.178545       1.774342             0.935205 1.004687  1.111608           0.1930 Bayesian independent fixed Z
           53   Ind_FixedZ0p7_muSD10_HC1p0_sigY1p7_sigC1p02 0.7         10.0                   1.0      1.697564      1.018538         1.781396         0.178553       1.774342             0.935205 1.004687  1.111608           0.1930 Bayesian independent fixed Z
           54   Ind_FixedZ0p7_muSD5_HC1p0_sigY1p7_sigC0p849 0.7          5.0                   1.0      1.697564      0.848782         1.781419         0.205594       1.771430             0.933045 1.076028  1.068608           0.1870 Bayesian independent fixed Z
           55  Ind_FixedZ0p7_muSD10_HC1p0_sigY1p7_sigC0p849 0.7         10.0                   1.0      1.697564      0.848782         1.781420         0.205601       1.771430             0.933045 1.076029  1.068608           0.1870 Bayesian independent fixed Z
           56   Ind_FixedZ0p7_muSD5_HC5p0_sigY2p04_sigC1p36 0.7          5.0                   5.0      2.037077      1.358051         1.781619         0.191107       1.773255             0.967603 1.249481  1.037315           0.2160 Bayesian independent fixed Z
           57  Ind_FixedZ0p7_muSD10_HC5p0_sigY2p04_sigC1p36 0.7         10.0                   5.0      2.037077      1.358051         1.781620         0.191121       1.773255             0.967603 1.249493  1.037315           0.2160 Bayesian independent fixed Z
           58   Ind_FixedZ0p7_muSD5_HC1p0_sigY2p04_sigC1p02 0.7          5.0                   1.0      2.037077      1.018538         1.781653         0.203935       1.771857             0.967603 1.070429  1.004579           0.1990 Bayesian independent fixed Z
           59  Ind_FixedZ0p7_muSD10_HC1p0_sigY2p04_sigC1p02 0.7         10.0                   1.0      2.037077      1.018538         1.781654         0.203945       1.771857             0.967603 1.070431  1.004579           0.1990 Bayesian independent fixed Z
           60   Ind_FixedZ0p7_muSD5_HC2p5_sigY2p04_sigC1p19 0.7          5.0                   2.5      2.037077      1.188295         1.781812         0.207037       1.771657             0.967603 1.097676  1.137236           0.2145 Bayesian independent fixed Z
           61  Ind_FixedZ0p7_muSD10_HC2p5_sigY2p04_sigC1p19 0.7         10.0                   2.5      2.037077      1.188295         1.781814         0.207050       1.771657             0.967603 1.097676  1.137236           0.2145 Bayesian independent fixed Z
           62   Ind_FixedZ0p7_muSD5_HC5p0_sigY1p36_sigC1p02 0.7          5.0                   5.0      1.358051      1.018538         1.782026         0.187273       1.774075             0.881210 1.057145  1.042541           0.2205 Bayesian independent fixed Z
           63  Ind_FixedZ0p7_muSD10_HC5p0_sigY1p36_sigC1p02 0.7         10.0                   5.0      1.358051      1.018538         1.782026         0.187280       1.774075             0.881210 1.057147  1.042541           0.2205 Bayesian independent fixed Z
           64   Ind_FixedZ0p7_muSD5_HC2p5_sigY2p04_sigC1p02 0.7          5.0                   2.5      2.037077      1.018538         1.782160         0.202942       1.772483             0.967603 1.224105  1.058479           0.2045 Bayesian independent fixed Z
           65  Ind_FixedZ0p7_muSD10_HC2p5_sigY2p04_sigC1p02 0.7         10.0                   2.5      2.037077      1.018538         1.782161         0.202951       1.772483             0.967603 1.224110  1.058479           0.2045 Bayesian independent fixed Z
           66  Ind_FixedZ0p7_muSD5_HC5p0_sigY2p04_sigC0p849 0.7          5.0                   5.0      2.037077      0.848782         1.782439         0.207888       1.772190             0.967603 1.026832  1.570333           0.2290 Bayesian independent fixed Z
           67 Ind_FixedZ0p7_muSD10_HC5p0_sigY2p04_sigC0p849 0.7         10.0                   5.0      2.037077      0.848782         1.782440         0.207895       1.772190             0.967603 1.026832  1.570333           0.2290 Bayesian independent fixed Z
           68   Ind_FixedZ0p7_muSD5_HC2p5_sigY1p36_sigC1p02 0.7          5.0                   2.5      1.358051      1.018538         1.783126         0.175990       1.776340             0.883369 1.004454  1.408430           0.1965 Bayesian independent fixed Z
           69  Ind_FixedZ0p7_muSD10_HC2p5_sigY1p36_sigC1p02 0.7         10.0                   2.5      1.358051      1.018538         1.783127         0.175997       1.776340             0.883369 1.004455  1.408430           0.1965 Bayesian independent fixed Z
           70    Ind_FixedZ0p7_muSD5_HC5p0_sigY1p7_sigC1p19 0.7          5.0                   5.0      1.697564      1.188295         1.783970         0.194546       1.775249             0.937365 1.305791  0.999875           0.2080 Bayesian independent fixed Z
           71   Ind_FixedZ0p7_muSD10_HC5p0_sigY1p7_sigC1p19 0.7         10.0                   5.0      1.697564      1.188295         1.783971         0.194556       1.775249             0.937365 1.305803  0.999875           0.2080 Bayesian independent fixed Z
           72  Ind_FixedZ0p7_muSD5_HC2p5_sigY2p04_sigC0p849 0.7          5.0                   2.5      2.037077      0.848782         1.784203         0.222502       1.772190             0.969762 1.009300  1.092450           0.2080 Bayesian independent fixed Z
           73 Ind_FixedZ0p7_muSD10_HC2p5_sigY2p04_sigC0p849 0.7         10.0                   2.5      2.037077      0.848782         1.784204         0.222509       1.772190             0.969762 1.009300  1.092450           0.2080 Bayesian independent fixed Z
           74   Ind_FixedZ0p7_muSD5_HC5p0_sigY2p04_sigC1p02 0.7          5.0                   5.0      2.037077      1.018538         1.785819         0.191887       1.777400             0.965443 1.002013  1.042726           0.2250 Bayesian independent fixed Z
           75  Ind_FixedZ0p7_muSD10_HC5p0_sigY2p04_sigC1p02 0.7         10.0                   5.0      2.037077      1.018538         1.785820         0.191896       1.777400             0.965443 1.002013  1.042726           0.2250 Bayesian independent fixed Z
