AR(1) structure scenario for fixed Z = 0.9
Best model for this Z: AR1_FixedZ0.9_muSD5_HC5.0
Scenario directory: F:\gacheri's documents\research NCDs\BIBTEX\New folder\Simulated Datasets\Bayesian Learning Algorithm\AR1_fixedZ_results\scenario_ar1_fixed_Z_0p9

Bayesian AR(1) results for fixed Z_0p9
======================================
                     Model   Z  mu_prior_sd  tau_halfcauchy_scale  mu_mean    mu_sd  mu_2.5%  mu_97.5%  tau_mean   tau_sd  tau_2.5%  tau_97.5%  phi_mean   phi_sd  phi_2.5%  phi_97.5%  Rhat_mu  Rhat_tau  Rhat_phi  tau_accept_rate  phi_accept_rate  Validation_RMSE  Validation_Bias  Validation_SE  Validation_Coverage
 AR1_FixedZ0.9_muSD5_HC5.0 0.9          5.0                   5.0 0.353608 0.037846 0.282106  0.425808  0.221089 0.054033  0.152031   0.348986  0.763171 0.171745  0.184052   0.957069 1.117969  1.849023  1.054093           0.1815         0.537083         1.763091         0.114400       1.761278             0.937365
AR1_FixedZ0.9_muSD10_HC5.0 0.9         10.0                   5.0 0.353623 0.037847 0.282118  0.425826  0.221089 0.054033  0.152031   0.348986  0.763171 0.171745  0.184052   0.957069 1.117975  1.849023  1.054093           0.1815         0.537083         1.763091         0.114415       1.761278             0.937365
 AR1_FixedZ0.9_muSD5_HC1.0 0.9          5.0                   1.0 0.366774 0.035518 0.295457  0.433292  0.215700 0.062621  0.098570   0.367312  0.722318 0.168009  0.367143   0.971682 1.008842  1.656976  1.026447           0.1875         0.507500         1.763921         0.127912       1.761180             0.935205
AR1_FixedZ0.9_muSD10_HC1.0 0.9         10.0                   1.0 0.366790 0.035519 0.295471  0.433310  0.215700 0.062621  0.098570   0.367312  0.722318 0.168009  0.367143   0.971682 1.008843  1.656976  1.026447           0.1875         0.507500         1.763922         0.127928       1.761180             0.935205
 AR1_FixedZ0.9_muSD5_HC2.5 0.9          5.0                   2.5 0.328966 0.072583 0.150098  0.432797  0.185726 0.085948  0.054090   0.346230  0.516305 0.368565 -0.270778   0.981360 1.952418  2.618674  1.620465           0.1885         0.483833         1.765143         0.093714       1.764560             0.937365
AR1_FixedZ0.9_muSD10_HC2.5 0.9         10.0                   2.5 0.328979 0.072587 0.150100  0.432814  0.185726 0.085948  0.054090   0.346230  0.516305 0.368565 -0.270778   0.981360 1.952480  2.618674  1.620465           0.1885         0.483833         1.765143         0.093727       1.764560             0.937365

Diagnostics for AR(1) fixed Z_0p9
=================================
                     Model   Z  mu_prior_sd  tau_halfcauchy_scale  mu_mean    mu_sd  mu_2.5%  mu_97.5%  tau_mean   tau_sd  tau_2.5%  tau_97.5%  phi_mean   phi_sd  phi_2.5%  phi_97.5%  Rhat_mu  Rhat_tau  Rhat_phi  tau_accept_rate  phi_accept_rate  Validation_RMSE  Validation_Bias  Validation_SE  Validation_Coverage
 AR1_FixedZ0.9_muSD5_HC5.0 0.9          5.0                   5.0 0.353608 0.037846 0.282106  0.425808  0.221089 0.054033  0.152031   0.348986  0.763171 0.171745  0.184052   0.957069 1.117969  1.849023  1.054093           0.1815         0.537083         1.763091         0.114400       1.761278             0.937365
AR1_FixedZ0.9_muSD10_HC5.0 0.9         10.0                   5.0 0.353623 0.037847 0.282118  0.425826  0.221089 0.054033  0.152031   0.348986  0.763171 0.171745  0.184052   0.957069 1.117975  1.849023  1.054093           0.1815         0.537083         1.763091         0.114415       1.761278             0.937365
 AR1_FixedZ0.9_muSD5_HC1.0 0.9          5.0                   1.0 0.366774 0.035518 0.295457  0.433292  0.215700 0.062621  0.098570   0.367312  0.722318 0.168009  0.367143   0.971682 1.008842  1.656976  1.026447           0.1875         0.507500         1.763921         0.127912       1.761180             0.935205
AR1_FixedZ0.9_muSD10_HC1.0 0.9         10.0                   1.0 0.366790 0.035519 0.295471  0.433310  0.215700 0.062621  0.098570   0.367312  0.722318 0.168009  0.367143   0.971682 1.008843  1.656976  1.026447           0.1875         0.507500         1.763922         0.127928       1.761180             0.935205
 AR1_FixedZ0.9_muSD5_HC2.5 0.9          5.0                   2.5 0.328966 0.072583 0.150098  0.432797  0.185726 0.085948  0.054090   0.346230  0.516305 0.368565 -0.270778   0.981360 1.952418  2.618674  1.620465           0.1885         0.483833         1.765143         0.093714       1.764560             0.937365
AR1_FixedZ0.9_muSD10_HC2.5 0.9         10.0                   2.5 0.328979 0.072587 0.150100  0.432814  0.185726 0.085948  0.054090   0.346230  0.516305 0.368565 -0.270778   0.981360 1.952480  2.618674  1.620465           0.1885         0.483833         1.765143         0.093727       1.764560             0.937365

Comparison with baselines for AR(1) fixed Z_0p9
===============================================
 Rank_by_RMSE                           Model   Z  mu_prior_sd  tau_halfcauchy_scale  Validation_RMSE  Validation_Bias  Validation_SE  Validation_Coverage  Rhat_mu  Rhat_tau  Rhat_phi  tau_accept_rate  phi_accept_rate            Method_Type
            1 MICE-style iterative regression NaN          NaN                   NaN         1.681353        -0.058638       1.682148                  NaN      NaN       NaN       NaN              NaN              NaN      Comparison method
            2            Gaussian NB baseline NaN          NaN                   NaN         1.714547         0.013585       1.716348                  NaN      NaN       NaN       NaN              NaN              NaN      Comparison method
            3                      Naive mean NaN          NaN                   NaN         1.749896         0.080302       1.749944                  NaN      NaN       NaN       NaN              NaN              NaN      Comparison method
            4       AR1_FixedZ0.9_muSD5_HC5.0 0.9          5.0                   5.0         1.763091         0.114400       1.761278             0.937365 1.117969  1.849023  1.054093           0.1815         0.537083 Bayesian AR(1) fixed Z
            5      AR1_FixedZ0.9_muSD10_HC5.0 0.9         10.0                   5.0         1.763091         0.114415       1.761278             0.937365 1.117975  1.849023  1.054093           0.1815         0.537083 Bayesian AR(1) fixed Z
            6       AR1_FixedZ0.9_muSD5_HC1.0 0.9          5.0                   1.0         1.763921         0.127912       1.761180             0.935205 1.008842  1.656976  1.026447           0.1875         0.507500 Bayesian AR(1) fixed Z
            7      AR1_FixedZ0.9_muSD10_HC1.0 0.9         10.0                   1.0         1.763922         0.127928       1.761180             0.935205 1.008843  1.656976  1.026447           0.1875         0.507500 Bayesian AR(1) fixed Z
            8       AR1_FixedZ0.9_muSD5_HC2.5 0.9          5.0                   2.5         1.765143         0.093714       1.764560             0.937365 1.952418  2.618674  1.620465           0.1885         0.483833 Bayesian AR(1) fixed Z
            9      AR1_FixedZ0.9_muSD10_HC2.5 0.9         10.0                   2.5         1.765143         0.093727       1.764560             0.937365 1.952480  2.618674  1.620465           0.1885         0.483833 Bayesian AR(1) fixed Z
