Independent structure scenario with fixed Z = 0.9
Best model for this Z: Ind_FixedZ0p9_muSD10_HC1p0_sigY1p7_sigC1p02
Scenario directory: F:\gacheri's documents\research NCDs\BIBTEX\New folder\Simulated Datasets\Bayesian Learning Algorithm\Independent_fixedZ_results\scenario_independent_fixed_Z_0p9

Bayesian independent fixed-Z results for Z_0p9
==============================================
                                        Model   Z  mu_prior_sd  tau_halfcauchy_scale  sigma_y_used  sigma_c_used  mu_mean    mu_sd  mu_2.5%  mu_97.5%  tau_mean   tau_sd  tau_2.5%  tau_97.5%  Rhat_mu  Rhat_tau  tau_accept_rate  Validation_RMSE  Validation_Bias  Validation_SE  Validation_Coverage
  Ind_FixedZ0p9_muSD10_HC1p0_sigY1p7_sigC1p02 0.9         10.0                   1.0      1.697564      1.018538 0.150193 0.039952 0.059423  0.200767  0.056248 0.008010  0.045305   0.070770 1.033352  2.842231           0.1850         1.771595        -0.080003       1.771702             0.928726
   Ind_FixedZ0p9_muSD5_HC1p0_sigY1p7_sigC1p02 0.9          5.0                   1.0      1.697564      1.018538 0.150191 0.039952 0.059423  0.200764  0.056248 0.008010  0.045305   0.070770 1.033353  2.842231           0.1850         1.771595        -0.080004       1.771702             0.928726
   Ind_FixedZ0p9_muSD5_HC2p5_sigY1p7_sigC1p19 0.9          5.0                   2.5      1.697564      1.188295 0.339436 0.051948 0.242427  0.449891  0.204681 0.094873  0.100762   0.364219 1.824325  6.407262           0.2035         1.771621         0.110100       1.770109             0.933045
  Ind_FixedZ0p9_muSD10_HC2p5_sigY1p7_sigC1p19 0.9         10.0                   2.5      1.697564      1.188295 0.339447 0.051951 0.242431  0.449907  0.204681 0.094873  0.100762   0.364219 1.824397  6.407262           0.2035         1.771622         0.110111       1.770109             0.933045
  Ind_FixedZ0p9_muSD5_HC2p5_sigY1p36_sigC1p02 0.9          5.0                   2.5      1.358051      1.018538 0.363942 0.027802 0.305766  0.417141  0.435193 0.057797  0.345309   0.557680 0.999497  1.008772           0.2255         1.771657         0.134983       1.768418             0.889849
 Ind_FixedZ0p9_muSD10_HC2p5_sigY1p36_sigC1p02 0.9         10.0                   2.5      1.358051      1.018538 0.363951 0.027802 0.305775  0.417151  0.435193 0.057797  0.345309   0.557680 0.999497  1.008772           0.2255         1.771657         0.134992       1.768418             0.889849
  Ind_FixedZ0p9_muSD5_HC2p5_sigY2p04_sigC1p02 0.9          5.0                   2.5      2.037077      1.018538 0.375624 0.037992 0.298193  0.442465  0.267099 0.049717  0.188344   0.357986 1.274430  1.174891           0.2045         1.771744         0.146968       1.767548             0.969762
 Ind_FixedZ0p9_muSD10_HC2p5_sigY2p04_sigC1p02 0.9         10.0                   2.5      2.037077      1.018538 0.375639 0.037992 0.298207  0.442482  0.267099 0.049717  0.188344   0.357986 1.274437  1.174891           0.2045         1.771745         0.146983       1.767548             0.969762
  Ind_FixedZ0p9_muSD5_HC2p5_sigY1p36_sigC1p19 0.9          5.0                   2.5      1.358051      1.188295 0.350874 0.031518 0.297630  0.415241  0.236902 0.051072  0.170841   0.318671 1.388088  4.575721           0.1790         1.771908         0.119807       1.769765             0.889849
 Ind_FixedZ0p9_muSD10_HC2p5_sigY1p36_sigC1p19 0.9         10.0                   2.5      1.358051      1.188295 0.350883 0.031518 0.297639  0.415251  0.236902 0.051072  0.170841   0.318671 1.388109  4.575721           0.1790         1.771908         0.119816       1.769765             0.889849
  Ind_FixedZ0p9_muSD5_HC1p0_sigY2p04_sigC1p02 0.9          5.0                   1.0      2.037077      1.018538 0.374369 0.037332 0.304904  0.451818  0.200173 0.074096  0.103311   0.375492 1.366149  2.161279           0.1980         1.772137         0.144780       1.768124             0.965443
 Ind_FixedZ0p9_muSD10_HC1p0_sigY2p04_sigC1p02 0.9         10.0                   1.0      2.037077      1.018538 0.374384 0.037334 0.304918  0.451834  0.200173 0.074096  0.103311   0.375492 1.366181  2.161279           0.1980         1.772139         0.144794       1.768124             0.965443
   Ind_FixedZ0p9_muSD5_HC5p0_sigY1p7_sigC1p36 0.9          5.0                   5.0      1.697564      1.358051 0.354582 0.038960 0.282654  0.431707  0.305693 0.067121  0.220274   0.435100 1.119545  1.025918           0.2170         1.772848         0.125214       1.770333             0.935205
  Ind_FixedZ0p9_muSD10_HC5p0_sigY1p7_sigC1p36 0.9         10.0                   5.0      1.697564      1.358051 0.354596 0.038961 0.282667  0.431723  0.305693 0.067121  0.220274   0.435100 1.119550  1.025918           0.2170         1.772849         0.125228       1.770333             0.935205
  Ind_FixedZ0p9_muSD5_HC5p0_sigY1p36_sigC1p36 0.9          5.0                   5.0      1.358051      1.358051 0.344168 0.031277 0.282379  0.404289  0.568449 0.046427  0.497044   0.660471 1.004380  1.084099           0.2160         1.773307         0.114484       1.771522             0.902808
 Ind_FixedZ0p9_muSD10_HC5p0_sigY1p36_sigC1p36 0.9         10.0                   5.0      1.358051      1.358051 0.344179 0.031277 0.282390  0.404300  0.568449 0.046427  0.497044   0.660471 1.004380  1.084099           0.2160         1.773308         0.114494       1.771522             0.902808
 Ind_FixedZ0p9_muSD5_HC1p0_sigY1p36_sigC0p849 0.9          5.0                   1.0      1.358051      0.848782 0.380400 0.025742 0.328561  0.431595  0.372197 0.036836  0.323585   0.454099 1.001637  1.056602           0.2060         1.773969         0.154301       1.769157             0.885529
Ind_FixedZ0p9_muSD10_HC1p0_sigY1p36_sigC0p849 0.9         10.0                   1.0      1.358051      0.848782 0.380409 0.025742 0.328569  0.431604  0.372197 0.036836  0.323585   0.454099 1.001637  1.056602           0.2060         1.773970         0.154310       1.769157             0.885529
  Ind_FixedZ0p9_muSD5_HC5p0_sigY2p04_sigC1p36 0.9          5.0                   5.0      2.037077      1.358051 0.376944 0.044549 0.290041  0.462502  0.276819 0.050645  0.214022   0.406903 1.171047  1.033549           0.2200         1.774155         0.148646       1.769830             0.963283
 Ind_FixedZ0p9_muSD10_HC5p0_sigY2p04_sigC1p36 0.9         10.0                   5.0      2.037077      1.358051 0.376963 0.044550 0.290060  0.462525  0.276819 0.050645  0.214022   0.406903 1.171054  1.033549           0.2200         1.774157         0.148665       1.769830             0.963283
  Ind_FixedZ0p9_muSD5_HC5p0_sigY1p36_sigC1p02 0.9          5.0                   5.0      1.358051      1.018538 0.363396 0.026468 0.314917  0.419371  0.355867 0.085614  0.247310   0.484316 1.014246  3.424457           0.2015         1.774286         0.135603       1.771010             0.887689
 Ind_FixedZ0p9_muSD10_HC5p0_sigY1p36_sigC1p02 0.9         10.0                   5.0      1.358051      1.018538 0.363405 0.026468 0.314926  0.419380  0.355867 0.085614  0.247310   0.484316 1.014244  3.424457           0.2015         1.774287         0.135613       1.771010             0.887689
   Ind_FixedZ0p9_muSD5_HC5p0_sigY1p7_sigC1p02 0.9          5.0                   5.0      1.697564      1.018538 0.378454 0.039852 0.295726  0.442621  0.257477 0.058779  0.174908   0.382589 1.234241  1.037774           0.2105         1.774676         0.147613       1.770439             0.935205
  Ind_FixedZ0p9_muSD10_HC5p0_sigY1p7_sigC1p02 0.9         10.0                   5.0      1.697564      1.018538 0.378467 0.039852 0.295737  0.442635  0.257477 0.058779  0.174908   0.382589 1.234245  1.037774           0.2105         1.774677         0.147626       1.770439             0.935205
  Ind_FixedZ0p9_muSD5_HC1p0_sigY1p36_sigC1p19 0.9          5.0                   1.0      1.358051      1.188295 0.360090 0.029738 0.297727  0.418681  0.414282 0.037790  0.341187   0.482769 0.999401  1.626883           0.1925         1.774848         0.130979       1.771923             0.894168
 Ind_FixedZ0p9_muSD10_HC1p0_sigY1p36_sigC1p19 0.9         10.0                   1.0      1.358051      1.188295 0.360100 0.029738 0.297736  0.418692  0.414282 0.037790  0.341187   0.482769 0.999401  1.626883           0.1925         1.774849         0.130989       1.771923             0.894168
  Ind_FixedZ0p9_muSD5_HC1p0_sigY1p36_sigC1p36 0.9          5.0                   1.0      1.358051      1.358051 0.349999 0.031337 0.281309  0.406549  0.526799 0.035163  0.468804   0.620967 1.037984  1.061412           0.1950         1.775050         0.120293       1.772885             0.896328
 Ind_FixedZ0p9_muSD10_HC1p0_sigY1p36_sigC1p36 0.9         10.0                   1.0      1.358051      1.358051 0.350010 0.031337 0.281320  0.406560  0.526799 0.035163  0.468804   0.620967 1.037984  1.061412           0.1950         1.775051         0.120304       1.772885             0.896328
 Ind_FixedZ0p9_muSD5_HC2p5_sigY2p04_sigC0p849 0.9          5.0                   2.5      2.037077      0.848782 0.395900 0.038893 0.314237  0.464218  0.226101 0.057067  0.154503   0.369924 1.212427  1.237216           0.1990         1.775079         0.165138       1.769292             0.965443
Ind_FixedZ0p9_muSD10_HC2p5_sigY2p04_sigC0p849 0.9         10.0                   2.5      2.037077      0.848782 0.395914 0.038894 0.314250  0.464231  0.226101 0.057067  0.154503   0.369924 1.212431  1.237216           0.1990         1.775080         0.165151       1.769292             0.965443
  Ind_FixedZ0p9_muSD5_HC5p0_sigY1p36_sigC1p19 0.9          5.0                   5.0      1.358051      1.188295 0.357353 0.029173 0.299223  0.415386  0.480778 0.073489  0.352643   0.595686 1.005106  1.227432           0.2120         1.775161         0.130350       1.772284             0.896328
 Ind_FixedZ0p9_muSD10_HC5p0_sigY1p36_sigC1p19 0.9         10.0                   5.0      1.358051      1.188295 0.357363 0.029174 0.299233  0.415397  0.480778 0.073489  0.352643   0.595686 1.005107  1.227432           0.2120         1.775162         0.130360       1.772284             0.896328
   Ind_FixedZ0p9_muSD5_HC2p5_sigY1p7_sigC1p36 0.9          5.0                   2.5      1.697564      1.358051 0.359034 0.035795 0.292291  0.427010  0.312001 0.045199  0.218412   0.402201 1.000160  1.418300           0.2100         1.775437         0.129096       1.772653             0.935205
  Ind_FixedZ0p9_muSD10_HC2p5_sigY1p7_sigC1p36 0.9         10.0                   2.5      1.697564      1.358051 0.359048 0.035796 0.292305  0.427026  0.312001 0.045199  0.218412   0.402201 1.000160  1.418300           0.2100         1.775438         0.129111       1.772653             0.935205
  Ind_FixedZ0p9_muSD5_HC2p5_sigY1p36_sigC1p36 0.9          5.0                   2.5      1.358051      1.358051 0.347077 0.037154 0.275322  0.418526  0.532505 0.043455  0.436649   0.616103 0.999596  1.039717           0.1985         1.775501         0.118059       1.773488             0.896328
 Ind_FixedZ0p9_muSD10_HC2p5_sigY1p36_sigC1p36 0.9         10.0                   2.5      1.358051      1.358051 0.347087 0.037154 0.275333  0.418537  0.532505 0.043455  0.436649   0.616103 0.999597  1.039717           0.1985         1.775502         0.118070       1.773488             0.896328
   Ind_FixedZ0p9_muSD5_HC1p0_sigY1p7_sigC1p36 0.9          5.0                   1.0      1.697564      1.358051 0.354289 0.038125 0.274415  0.418480  0.332975 0.046881  0.251503   0.422492 1.010336  1.015878           0.2070         1.775550         0.131466       1.772592             0.935205
  Ind_FixedZ0p9_muSD10_HC1p0_sigY1p7_sigC1p36 0.9         10.0                   1.0      1.697564      1.358051 0.354304 0.038126 0.274427  0.418497  0.332975 0.046881  0.251503   0.422492 1.010337  1.015878           0.2070         1.775551         0.131480       1.772592             0.935205
  Ind_FixedZ0p9_muSD5_HC1p0_sigY1p7_sigC0p849 0.9          5.0                   1.0      1.697564      0.848782 0.396872 0.026227 0.344794  0.446987  0.217579 0.043663  0.155266   0.308135 1.114723  3.531641           0.2135         1.775775         0.167199       1.769798             0.935205
 Ind_FixedZ0p9_muSD10_HC1p0_sigY1p7_sigC0p849 0.9         10.0                   1.0      1.697564      0.848782 0.396883 0.026227 0.344804  0.446998  0.217579 0.043663  0.155266   0.308135 1.114722  3.531641           0.2135         1.775776         0.167210       1.769798             0.935205
   Ind_FixedZ0p9_muSD5_HC2p5_sigY1p7_sigC1p02 0.9          5.0                   2.5      1.697564      1.018538 0.382935 0.030469 0.333750  0.445568  0.236404 0.035256  0.174182   0.299666 1.134987  1.372427           0.1920         1.776062         0.148512       1.771757             0.933045
  Ind_FixedZ0p9_muSD10_HC2p5_sigY1p7_sigC1p02 0.9         10.0                   2.5      1.697564      1.018538 0.382948 0.030470 0.333762  0.445582  0.236404 0.035256  0.174182   0.299666 1.134993  1.372427           0.1920         1.776063         0.148524       1.771757             0.933045
  Ind_FixedZ0p9_muSD5_HC2p5_sigY2p04_sigC1p19 0.9          5.0                   2.5      2.037077      1.188295 0.374199 0.046687 0.281205  0.470751  0.250499 0.049609  0.185757   0.358774 1.414174  1.028967           0.2215         1.776287         0.146793       1.772125             0.969762
 Ind_FixedZ0p9_muSD10_HC2p5_sigY2p04_sigC1p19 0.9         10.0                   2.5      2.037077      1.188295 0.374216 0.046688 0.281222  0.470771  0.250499 0.049609  0.185757   0.358774 1.414202  1.028967           0.2215         1.776288         0.146811       1.772125             0.969762
  Ind_FixedZ0p9_muSD5_HC5p0_sigY2p04_sigC1p19 0.9          5.0                   5.0      2.037077      1.188295 0.368625 0.044307 0.291689  0.437488  0.279203 0.055174  0.168074   0.365977 1.246240  1.202018           0.2190         1.776515         0.138745       1.773005             0.965443
 Ind_FixedZ0p9_muSD10_HC5p0_sigY2p04_sigC1p19 0.9         10.0                   5.0      2.037077      1.188295 0.368642 0.044308 0.291705  0.437507  0.279203 0.055174  0.168074   0.365977 1.246239  1.202018           0.2190         1.776517         0.138762       1.773005             0.965443
  Ind_FixedZ0p9_muSD5_HC1p0_sigY1p36_sigC1p02 0.9          5.0                   1.0      1.358051      1.018538 0.360243 0.029715 0.298550  0.417017  0.452089 0.065411  0.340776   0.551123 1.076164  1.231689           0.1935         1.776726         0.127340       1.774074             0.898488
 Ind_FixedZ0p9_muSD10_HC1p0_sigY1p36_sigC1p02 0.9         10.0                   1.0      1.358051      1.018538 0.360253 0.029715 0.298559  0.417027  0.452089 0.065411  0.340776   0.551123 1.076164  1.231689           0.1935         1.776727         0.127349       1.774074             0.898488
  Ind_FixedZ0p9_muSD5_HC2p5_sigY2p04_sigC1p36 0.9          5.0                   2.5      2.037077      1.358051 0.379856 0.044499 0.298732  0.474499  0.274082 0.060605  0.181277   0.388813 1.018185  0.999913           0.2130         1.776926         0.145009       1.772915             0.967603
 Ind_FixedZ0p9_muSD10_HC2p5_sigY2p04_sigC1p36 0.9         10.0                   2.5      2.037077      1.358051 0.379876 0.044500 0.298749  0.474521  0.274082 0.060605  0.181277   0.388813 1.018187  0.999913           0.2130         1.776928         0.145028       1.772915             0.967603
   Ind_FixedZ0p9_muSD5_HC1p0_sigY1p7_sigC1p19 0.9          5.0                   1.0      1.697564      1.188295 0.367544 0.039123 0.306614  0.460996  0.297545 0.042962  0.241295   0.395738 1.355058  1.002588           0.2130         1.777007         0.134378       1.773836             0.935205
  Ind_FixedZ0p9_muSD10_HC1p0_sigY1p7_sigC1p19 0.9         10.0                   1.0      1.697564      1.188295 0.367557 0.039124 0.306626  0.461012  0.297545 0.042962  0.241295   0.395738 1.355069  1.002588           0.2130         1.777008         0.134391       1.773836             0.935205
 Ind_FixedZ0p9_muSD5_HC2p5_sigY1p36_sigC0p849 0.9          5.0                   2.5      1.358051      0.848782 0.376888 0.023860 0.332407  0.422778  0.339600 0.039399  0.269222   0.412106 1.042946  1.390321           0.2230         1.777225         0.146416       1.773099             0.885529
Ind_FixedZ0p9_muSD10_HC2p5_sigY1p36_sigC0p849 0.9         10.0                   2.5      1.358051      0.848782 0.376896 0.023860 0.332416  0.422786  0.339600 0.039399  0.269222   0.412106 1.042946  1.390321           0.2230         1.777225         0.146425       1.773099             0.885529
 Ind_FixedZ0p9_muSD5_HC1p0_sigY2p04_sigC0p849 0.9          5.0                   1.0      2.037077      0.848782 0.383459 0.026311 0.330383  0.430364  0.188099 0.036805  0.145521   0.280925 1.282200  1.147829           0.2025         1.777346         0.153314       1.772637             0.965443
Ind_FixedZ0p9_muSD10_HC1p0_sigY2p04_sigC0p849 0.9         10.0                   1.0      2.037077      0.848782 0.383472 0.026311 0.330395  0.430378  0.188099 0.036805  0.145521   0.280925 1.282215  1.147829           0.2025         1.777347         0.153327       1.772637             0.965443
  Ind_FixedZ0p9_muSD5_HC5p0_sigY1p7_sigC0p849 0.9          5.0                   5.0      1.697564      0.848782 0.385698 0.027267 0.325638  0.439298  0.247413 0.041721  0.166169   0.319742 1.003695  1.293233           0.2135         1.777641         0.153957       1.772877             0.930886
 Ind_FixedZ0p9_muSD10_HC5p0_sigY1p7_sigC0p849 0.9         10.0                   5.0      1.697564      0.848782 0.385709 0.027268 0.325648  0.439310  0.247413 0.041721  0.166169   0.319742 1.003696  1.293233           0.2135         1.777642         0.153968       1.772877             0.930886
  Ind_FixedZ0p9_muSD5_HC1p0_sigY2p04_sigC1p36 0.9          5.0                   1.0      2.037077      1.358051 0.361681 0.043529 0.282141  0.437617  0.283097 0.046917  0.224112   0.391814 1.278909  1.018109           0.2110         1.778124         0.135137       1.774899             0.967603
 Ind_FixedZ0p9_muSD10_HC1p0_sigY2p04_sigC1p36 0.9         10.0                   1.0      2.037077      1.358051 0.361699 0.043530 0.282158  0.437638  0.283097 0.046917  0.224112   0.391814 1.278921  1.018109           0.2110         1.778125         0.135155       1.774899             0.967603
 Ind_FixedZ0p9_muSD5_HC5p0_sigY2p04_sigC0p849 0.9          5.0                   5.0      2.037077      0.848782 0.396163 0.031989 0.334423  0.445491  0.201755 0.040188  0.141648   0.280154 1.199058  1.007655           0.2190         1.778397         0.165966       1.772551             0.969762
Ind_FixedZ0p9_muSD10_HC5p0_sigY2p04_sigC0p849 0.9         10.0                   5.0      2.037077      0.848782 0.396176 0.031989 0.334436  0.445505  0.201755 0.040188  0.141648   0.280154 1.199061  1.007655           0.2190         1.778398         0.165979       1.772551             0.969762
 Ind_FixedZ0p9_muSD5_HC5p0_sigY1p36_sigC0p849 0.9          5.0                   5.0      1.358051      0.848782 0.378068 0.028283 0.317934  0.424014  0.363615 0.051737  0.285750   0.515624 1.044383  1.287268           0.2025         1.778699         0.149693       1.774306             0.887689
Ind_FixedZ0p9_muSD10_HC5p0_sigY1p36_sigC0p849 0.9         10.0                   5.0      1.358051      0.848782 0.378076 0.028284 0.317943  0.424024  0.363615 0.051737  0.285750   0.515624 1.044385  1.287268           0.2025         1.778699         0.149701       1.774306             0.887689
  Ind_FixedZ0p9_muSD5_HC1p0_sigY2p04_sigC1p19 0.9          5.0                   1.0      2.037077      1.188295 0.346863 0.035422 0.280259  0.410932  0.244518 0.050558  0.157567   0.360183 0.999431  1.504733           0.2075         1.778736         0.115065       1.776931             0.967603
 Ind_FixedZ0p9_muSD10_HC1p0_sigY2p04_sigC1p19 0.9         10.0                   1.0      2.037077      1.188295 0.346879 0.035422 0.280275  0.410949  0.244518 0.050558  0.157567   0.360183 0.999431  1.504733           0.2075         1.778737         0.115081       1.776931             0.967603
   Ind_FixedZ0p9_muSD5_HC5p0_sigY1p7_sigC1p19 0.9          5.0                   5.0      1.697564      1.188295 0.365928 0.030933 0.314076  0.429417  0.278287 0.039493  0.222440   0.370441 1.126201  1.044594           0.1965         1.778897         0.136271       1.775588             0.935205
  Ind_FixedZ0p9_muSD10_HC5p0_sigY1p7_sigC1p19 0.9         10.0                   5.0      1.697564      1.188295 0.365942 0.030933 0.314090  0.429432  0.278287 0.039493  0.222440   0.370441 1.126209  1.044594           0.1965         1.778898         0.136285       1.775588             0.935205
  Ind_FixedZ0p9_muSD5_HC2p5_sigY1p7_sigC0p849 0.9          5.0                   2.5      1.697564      0.848782 0.371599 0.026155 0.334237  0.437983  0.210529 0.036068  0.141664   0.286331 1.002927  1.462507           0.1975         1.779921         0.140294       1.776302             0.926566
 Ind_FixedZ0p9_muSD10_HC2p5_sigY1p7_sigC0p849 0.9         10.0                   2.5      1.697564      0.848782 0.371610 0.026155 0.334247  0.437994  0.210529 0.036068  0.141664   0.286331 1.002927  1.462507           0.1975         1.779921         0.140304       1.776302             0.926566
  Ind_FixedZ0p9_muSD5_HC5p0_sigY2p04_sigC1p02 0.9          5.0                   5.0      2.037077      1.018538 0.371502 0.037650 0.291691  0.439512  0.253751 0.042372  0.194454   0.348676 1.020377  1.089996           0.1940         1.780698         0.143001       1.776867             0.969762
 Ind_FixedZ0p9_muSD10_HC5p0_sigY2p04_sigC1p02 0.9         10.0                   5.0      2.037077      1.018538 0.371517 0.037651 0.291705  0.439527  0.253751 0.042372  0.194454   0.348676 1.020378  1.089996           0.1940         1.780699         0.143016       1.776867             0.969762

Diagnostics for independent fixed Z Z_0p9
=========================================
                                        Model   Z  mu_prior_sd  tau_halfcauchy_scale  sigma_y_used  sigma_c_used  mu_mean    mu_sd  mu_2.5%  mu_97.5%  tau_mean   tau_sd  tau_2.5%  tau_97.5%  Rhat_mu  Rhat_tau  tau_accept_rate  Validation_RMSE  Validation_Bias  Validation_SE  Validation_Coverage
  Ind_FixedZ0p9_muSD10_HC1p0_sigY1p7_sigC1p02 0.9         10.0                   1.0      1.697564      1.018538 0.150193 0.039952 0.059423  0.200767  0.056248 0.008010  0.045305   0.070770 1.033352  2.842231           0.1850         1.771595        -0.080003       1.771702             0.928726
   Ind_FixedZ0p9_muSD5_HC1p0_sigY1p7_sigC1p02 0.9          5.0                   1.0      1.697564      1.018538 0.150191 0.039952 0.059423  0.200764  0.056248 0.008010  0.045305   0.070770 1.033353  2.842231           0.1850         1.771595        -0.080004       1.771702             0.928726
   Ind_FixedZ0p9_muSD5_HC2p5_sigY1p7_sigC1p19 0.9          5.0                   2.5      1.697564      1.188295 0.339436 0.051948 0.242427  0.449891  0.204681 0.094873  0.100762   0.364219 1.824325  6.407262           0.2035         1.771621         0.110100       1.770109             0.933045
  Ind_FixedZ0p9_muSD10_HC2p5_sigY1p7_sigC1p19 0.9         10.0                   2.5      1.697564      1.188295 0.339447 0.051951 0.242431  0.449907  0.204681 0.094873  0.100762   0.364219 1.824397  6.407262           0.2035         1.771622         0.110111       1.770109             0.933045
  Ind_FixedZ0p9_muSD5_HC2p5_sigY1p36_sigC1p02 0.9          5.0                   2.5      1.358051      1.018538 0.363942 0.027802 0.305766  0.417141  0.435193 0.057797  0.345309   0.557680 0.999497  1.008772           0.2255         1.771657         0.134983       1.768418             0.889849
 Ind_FixedZ0p9_muSD10_HC2p5_sigY1p36_sigC1p02 0.9         10.0                   2.5      1.358051      1.018538 0.363951 0.027802 0.305775  0.417151  0.435193 0.057797  0.345309   0.557680 0.999497  1.008772           0.2255         1.771657         0.134992       1.768418             0.889849
  Ind_FixedZ0p9_muSD5_HC2p5_sigY2p04_sigC1p02 0.9          5.0                   2.5      2.037077      1.018538 0.375624 0.037992 0.298193  0.442465  0.267099 0.049717  0.188344   0.357986 1.274430  1.174891           0.2045         1.771744         0.146968       1.767548             0.969762
 Ind_FixedZ0p9_muSD10_HC2p5_sigY2p04_sigC1p02 0.9         10.0                   2.5      2.037077      1.018538 0.375639 0.037992 0.298207  0.442482  0.267099 0.049717  0.188344   0.357986 1.274437  1.174891           0.2045         1.771745         0.146983       1.767548             0.969762
  Ind_FixedZ0p9_muSD5_HC2p5_sigY1p36_sigC1p19 0.9          5.0                   2.5      1.358051      1.188295 0.350874 0.031518 0.297630  0.415241  0.236902 0.051072  0.170841   0.318671 1.388088  4.575721           0.1790         1.771908         0.119807       1.769765             0.889849
 Ind_FixedZ0p9_muSD10_HC2p5_sigY1p36_sigC1p19 0.9         10.0                   2.5      1.358051      1.188295 0.350883 0.031518 0.297639  0.415251  0.236902 0.051072  0.170841   0.318671 1.388109  4.575721           0.1790         1.771908         0.119816       1.769765             0.889849
  Ind_FixedZ0p9_muSD5_HC1p0_sigY2p04_sigC1p02 0.9          5.0                   1.0      2.037077      1.018538 0.374369 0.037332 0.304904  0.451818  0.200173 0.074096  0.103311   0.375492 1.366149  2.161279           0.1980         1.772137         0.144780       1.768124             0.965443
 Ind_FixedZ0p9_muSD10_HC1p0_sigY2p04_sigC1p02 0.9         10.0                   1.0      2.037077      1.018538 0.374384 0.037334 0.304918  0.451834  0.200173 0.074096  0.103311   0.375492 1.366181  2.161279           0.1980         1.772139         0.144794       1.768124             0.965443
   Ind_FixedZ0p9_muSD5_HC5p0_sigY1p7_sigC1p36 0.9          5.0                   5.0      1.697564      1.358051 0.354582 0.038960 0.282654  0.431707  0.305693 0.067121  0.220274   0.435100 1.119545  1.025918           0.2170         1.772848         0.125214       1.770333             0.935205
  Ind_FixedZ0p9_muSD10_HC5p0_sigY1p7_sigC1p36 0.9         10.0                   5.0      1.697564      1.358051 0.354596 0.038961 0.282667  0.431723  0.305693 0.067121  0.220274   0.435100 1.119550  1.025918           0.2170         1.772849         0.125228       1.770333             0.935205
  Ind_FixedZ0p9_muSD5_HC5p0_sigY1p36_sigC1p36 0.9          5.0                   5.0      1.358051      1.358051 0.344168 0.031277 0.282379  0.404289  0.568449 0.046427  0.497044   0.660471 1.004380  1.084099           0.2160         1.773307         0.114484       1.771522             0.902808
 Ind_FixedZ0p9_muSD10_HC5p0_sigY1p36_sigC1p36 0.9         10.0                   5.0      1.358051      1.358051 0.344179 0.031277 0.282390  0.404300  0.568449 0.046427  0.497044   0.660471 1.004380  1.084099           0.2160         1.773308         0.114494       1.771522             0.902808
 Ind_FixedZ0p9_muSD5_HC1p0_sigY1p36_sigC0p849 0.9          5.0                   1.0      1.358051      0.848782 0.380400 0.025742 0.328561  0.431595  0.372197 0.036836  0.323585   0.454099 1.001637  1.056602           0.2060         1.773969         0.154301       1.769157             0.885529
Ind_FixedZ0p9_muSD10_HC1p0_sigY1p36_sigC0p849 0.9         10.0                   1.0      1.358051      0.848782 0.380409 0.025742 0.328569  0.431604  0.372197 0.036836  0.323585   0.454099 1.001637  1.056602           0.2060         1.773970         0.154310       1.769157             0.885529
  Ind_FixedZ0p9_muSD5_HC5p0_sigY2p04_sigC1p36 0.9          5.0                   5.0      2.037077      1.358051 0.376944 0.044549 0.290041  0.462502  0.276819 0.050645  0.214022   0.406903 1.171047  1.033549           0.2200         1.774155         0.148646       1.769830             0.963283
 Ind_FixedZ0p9_muSD10_HC5p0_sigY2p04_sigC1p36 0.9         10.0                   5.0      2.037077      1.358051 0.376963 0.044550 0.290060  0.462525  0.276819 0.050645  0.214022   0.406903 1.171054  1.033549           0.2200         1.774157         0.148665       1.769830             0.963283
  Ind_FixedZ0p9_muSD5_HC5p0_sigY1p36_sigC1p02 0.9          5.0                   5.0      1.358051      1.018538 0.363396 0.026468 0.314917  0.419371  0.355867 0.085614  0.247310   0.484316 1.014246  3.424457           0.2015         1.774286         0.135603       1.771010             0.887689
 Ind_FixedZ0p9_muSD10_HC5p0_sigY1p36_sigC1p02 0.9         10.0                   5.0      1.358051      1.018538 0.363405 0.026468 0.314926  0.419380  0.355867 0.085614  0.247310   0.484316 1.014244  3.424457           0.2015         1.774287         0.135613       1.771010             0.887689
   Ind_FixedZ0p9_muSD5_HC5p0_sigY1p7_sigC1p02 0.9          5.0                   5.0      1.697564      1.018538 0.378454 0.039852 0.295726  0.442621  0.257477 0.058779  0.174908   0.382589 1.234241  1.037774           0.2105         1.774676         0.147613       1.770439             0.935205
  Ind_FixedZ0p9_muSD10_HC5p0_sigY1p7_sigC1p02 0.9         10.0                   5.0      1.697564      1.018538 0.378467 0.039852 0.295737  0.442635  0.257477 0.058779  0.174908   0.382589 1.234245  1.037774           0.2105         1.774677         0.147626       1.770439             0.935205
  Ind_FixedZ0p9_muSD5_HC1p0_sigY1p36_sigC1p19 0.9          5.0                   1.0      1.358051      1.188295 0.360090 0.029738 0.297727  0.418681  0.414282 0.037790  0.341187   0.482769 0.999401  1.626883           0.1925         1.774848         0.130979       1.771923             0.894168
 Ind_FixedZ0p9_muSD10_HC1p0_sigY1p36_sigC1p19 0.9         10.0                   1.0      1.358051      1.188295 0.360100 0.029738 0.297736  0.418692  0.414282 0.037790  0.341187   0.482769 0.999401  1.626883           0.1925         1.774849         0.130989       1.771923             0.894168
  Ind_FixedZ0p9_muSD5_HC1p0_sigY1p36_sigC1p36 0.9          5.0                   1.0      1.358051      1.358051 0.349999 0.031337 0.281309  0.406549  0.526799 0.035163  0.468804   0.620967 1.037984  1.061412           0.1950         1.775050         0.120293       1.772885             0.896328
 Ind_FixedZ0p9_muSD10_HC1p0_sigY1p36_sigC1p36 0.9         10.0                   1.0      1.358051      1.358051 0.350010 0.031337 0.281320  0.406560  0.526799 0.035163  0.468804   0.620967 1.037984  1.061412           0.1950         1.775051         0.120304       1.772885             0.896328
 Ind_FixedZ0p9_muSD5_HC2p5_sigY2p04_sigC0p849 0.9          5.0                   2.5      2.037077      0.848782 0.395900 0.038893 0.314237  0.464218  0.226101 0.057067  0.154503   0.369924 1.212427  1.237216           0.1990         1.775079         0.165138       1.769292             0.965443
Ind_FixedZ0p9_muSD10_HC2p5_sigY2p04_sigC0p849 0.9         10.0                   2.5      2.037077      0.848782 0.395914 0.038894 0.314250  0.464231  0.226101 0.057067  0.154503   0.369924 1.212431  1.237216           0.1990         1.775080         0.165151       1.769292             0.965443
  Ind_FixedZ0p9_muSD5_HC5p0_sigY1p36_sigC1p19 0.9          5.0                   5.0      1.358051      1.188295 0.357353 0.029173 0.299223  0.415386  0.480778 0.073489  0.352643   0.595686 1.005106  1.227432           0.2120         1.775161         0.130350       1.772284             0.896328
 Ind_FixedZ0p9_muSD10_HC5p0_sigY1p36_sigC1p19 0.9         10.0                   5.0      1.358051      1.188295 0.357363 0.029174 0.299233  0.415397  0.480778 0.073489  0.352643   0.595686 1.005107  1.227432           0.2120         1.775162         0.130360       1.772284             0.896328
   Ind_FixedZ0p9_muSD5_HC2p5_sigY1p7_sigC1p36 0.9          5.0                   2.5      1.697564      1.358051 0.359034 0.035795 0.292291  0.427010  0.312001 0.045199  0.218412   0.402201 1.000160  1.418300           0.2100         1.775437         0.129096       1.772653             0.935205
  Ind_FixedZ0p9_muSD10_HC2p5_sigY1p7_sigC1p36 0.9         10.0                   2.5      1.697564      1.358051 0.359048 0.035796 0.292305  0.427026  0.312001 0.045199  0.218412   0.402201 1.000160  1.418300           0.2100         1.775438         0.129111       1.772653             0.935205
  Ind_FixedZ0p9_muSD5_HC2p5_sigY1p36_sigC1p36 0.9          5.0                   2.5      1.358051      1.358051 0.347077 0.037154 0.275322  0.418526  0.532505 0.043455  0.436649   0.616103 0.999596  1.039717           0.1985         1.775501         0.118059       1.773488             0.896328
 Ind_FixedZ0p9_muSD10_HC2p5_sigY1p36_sigC1p36 0.9         10.0                   2.5      1.358051      1.358051 0.347087 0.037154 0.275333  0.418537  0.532505 0.043455  0.436649   0.616103 0.999597  1.039717           0.1985         1.775502         0.118070       1.773488             0.896328
   Ind_FixedZ0p9_muSD5_HC1p0_sigY1p7_sigC1p36 0.9          5.0                   1.0      1.697564      1.358051 0.354289 0.038125 0.274415  0.418480  0.332975 0.046881  0.251503   0.422492 1.010336  1.015878           0.2070         1.775550         0.131466       1.772592             0.935205
  Ind_FixedZ0p9_muSD10_HC1p0_sigY1p7_sigC1p36 0.9         10.0                   1.0      1.697564      1.358051 0.354304 0.038126 0.274427  0.418497  0.332975 0.046881  0.251503   0.422492 1.010337  1.015878           0.2070         1.775551         0.131480       1.772592             0.935205
  Ind_FixedZ0p9_muSD5_HC1p0_sigY1p7_sigC0p849 0.9          5.0                   1.0      1.697564      0.848782 0.396872 0.026227 0.344794  0.446987  0.217579 0.043663  0.155266   0.308135 1.114723  3.531641           0.2135         1.775775         0.167199       1.769798             0.935205
 Ind_FixedZ0p9_muSD10_HC1p0_sigY1p7_sigC0p849 0.9         10.0                   1.0      1.697564      0.848782 0.396883 0.026227 0.344804  0.446998  0.217579 0.043663  0.155266   0.308135 1.114722  3.531641           0.2135         1.775776         0.167210       1.769798             0.935205
   Ind_FixedZ0p9_muSD5_HC2p5_sigY1p7_sigC1p02 0.9          5.0                   2.5      1.697564      1.018538 0.382935 0.030469 0.333750  0.445568  0.236404 0.035256  0.174182   0.299666 1.134987  1.372427           0.1920         1.776062         0.148512       1.771757             0.933045
  Ind_FixedZ0p9_muSD10_HC2p5_sigY1p7_sigC1p02 0.9         10.0                   2.5      1.697564      1.018538 0.382948 0.030470 0.333762  0.445582  0.236404 0.035256  0.174182   0.299666 1.134993  1.372427           0.1920         1.776063         0.148524       1.771757             0.933045
  Ind_FixedZ0p9_muSD5_HC2p5_sigY2p04_sigC1p19 0.9          5.0                   2.5      2.037077      1.188295 0.374199 0.046687 0.281205  0.470751  0.250499 0.049609  0.185757   0.358774 1.414174  1.028967           0.2215         1.776287         0.146793       1.772125             0.969762
 Ind_FixedZ0p9_muSD10_HC2p5_sigY2p04_sigC1p19 0.9         10.0                   2.5      2.037077      1.188295 0.374216 0.046688 0.281222  0.470771  0.250499 0.049609  0.185757   0.358774 1.414202  1.028967           0.2215         1.776288         0.146811       1.772125             0.969762
  Ind_FixedZ0p9_muSD5_HC5p0_sigY2p04_sigC1p19 0.9          5.0                   5.0      2.037077      1.188295 0.368625 0.044307 0.291689  0.437488  0.279203 0.055174  0.168074   0.365977 1.246240  1.202018           0.2190         1.776515         0.138745       1.773005             0.965443
 Ind_FixedZ0p9_muSD10_HC5p0_sigY2p04_sigC1p19 0.9         10.0                   5.0      2.037077      1.188295 0.368642 0.044308 0.291705  0.437507  0.279203 0.055174  0.168074   0.365977 1.246239  1.202018           0.2190         1.776517         0.138762       1.773005             0.965443
  Ind_FixedZ0p9_muSD5_HC1p0_sigY1p36_sigC1p02 0.9          5.0                   1.0      1.358051      1.018538 0.360243 0.029715 0.298550  0.417017  0.452089 0.065411  0.340776   0.551123 1.076164  1.231689           0.1935         1.776726         0.127340       1.774074             0.898488
 Ind_FixedZ0p9_muSD10_HC1p0_sigY1p36_sigC1p02 0.9         10.0                   1.0      1.358051      1.018538 0.360253 0.029715 0.298559  0.417027  0.452089 0.065411  0.340776   0.551123 1.076164  1.231689           0.1935         1.776727         0.127349       1.774074             0.898488
  Ind_FixedZ0p9_muSD5_HC2p5_sigY2p04_sigC1p36 0.9          5.0                   2.5      2.037077      1.358051 0.379856 0.044499 0.298732  0.474499  0.274082 0.060605  0.181277   0.388813 1.018185  0.999913           0.2130         1.776926         0.145009       1.772915             0.967603
 Ind_FixedZ0p9_muSD10_HC2p5_sigY2p04_sigC1p36 0.9         10.0                   2.5      2.037077      1.358051 0.379876 0.044500 0.298749  0.474521  0.274082 0.060605  0.181277   0.388813 1.018187  0.999913           0.2130         1.776928         0.145028       1.772915             0.967603
   Ind_FixedZ0p9_muSD5_HC1p0_sigY1p7_sigC1p19 0.9          5.0                   1.0      1.697564      1.188295 0.367544 0.039123 0.306614  0.460996  0.297545 0.042962  0.241295   0.395738 1.355058  1.002588           0.2130         1.777007         0.134378       1.773836             0.935205
  Ind_FixedZ0p9_muSD10_HC1p0_sigY1p7_sigC1p19 0.9         10.0                   1.0      1.697564      1.188295 0.367557 0.039124 0.306626  0.461012  0.297545 0.042962  0.241295   0.395738 1.355069  1.002588           0.2130         1.777008         0.134391       1.773836             0.935205
 Ind_FixedZ0p9_muSD5_HC2p5_sigY1p36_sigC0p849 0.9          5.0                   2.5      1.358051      0.848782 0.376888 0.023860 0.332407  0.422778  0.339600 0.039399  0.269222   0.412106 1.042946  1.390321           0.2230         1.777225         0.146416       1.773099             0.885529
Ind_FixedZ0p9_muSD10_HC2p5_sigY1p36_sigC0p849 0.9         10.0                   2.5      1.358051      0.848782 0.376896 0.023860 0.332416  0.422786  0.339600 0.039399  0.269222   0.412106 1.042946  1.390321           0.2230         1.777225         0.146425       1.773099             0.885529
 Ind_FixedZ0p9_muSD5_HC1p0_sigY2p04_sigC0p849 0.9          5.0                   1.0      2.037077      0.848782 0.383459 0.026311 0.330383  0.430364  0.188099 0.036805  0.145521   0.280925 1.282200  1.147829           0.2025         1.777346         0.153314       1.772637             0.965443
Ind_FixedZ0p9_muSD10_HC1p0_sigY2p04_sigC0p849 0.9         10.0                   1.0      2.037077      0.848782 0.383472 0.026311 0.330395  0.430378  0.188099 0.036805  0.145521   0.280925 1.282215  1.147829           0.2025         1.777347         0.153327       1.772637             0.965443
  Ind_FixedZ0p9_muSD5_HC5p0_sigY1p7_sigC0p849 0.9          5.0                   5.0      1.697564      0.848782 0.385698 0.027267 0.325638  0.439298  0.247413 0.041721  0.166169   0.319742 1.003695  1.293233           0.2135         1.777641         0.153957       1.772877             0.930886
 Ind_FixedZ0p9_muSD10_HC5p0_sigY1p7_sigC0p849 0.9         10.0                   5.0      1.697564      0.848782 0.385709 0.027268 0.325648  0.439310  0.247413 0.041721  0.166169   0.319742 1.003696  1.293233           0.2135         1.777642         0.153968       1.772877             0.930886
  Ind_FixedZ0p9_muSD5_HC1p0_sigY2p04_sigC1p36 0.9          5.0                   1.0      2.037077      1.358051 0.361681 0.043529 0.282141  0.437617  0.283097 0.046917  0.224112   0.391814 1.278909  1.018109           0.2110         1.778124         0.135137       1.774899             0.967603
 Ind_FixedZ0p9_muSD10_HC1p0_sigY2p04_sigC1p36 0.9         10.0                   1.0      2.037077      1.358051 0.361699 0.043530 0.282158  0.437638  0.283097 0.046917  0.224112   0.391814 1.278921  1.018109           0.2110         1.778125         0.135155       1.774899             0.967603
 Ind_FixedZ0p9_muSD5_HC5p0_sigY2p04_sigC0p849 0.9          5.0                   5.0      2.037077      0.848782 0.396163 0.031989 0.334423  0.445491  0.201755 0.040188  0.141648   0.280154 1.199058  1.007655           0.2190         1.778397         0.165966       1.772551             0.969762
Ind_FixedZ0p9_muSD10_HC5p0_sigY2p04_sigC0p849 0.9         10.0                   5.0      2.037077      0.848782 0.396176 0.031989 0.334436  0.445505  0.201755 0.040188  0.141648   0.280154 1.199061  1.007655           0.2190         1.778398         0.165979       1.772551             0.969762
 Ind_FixedZ0p9_muSD5_HC5p0_sigY1p36_sigC0p849 0.9          5.0                   5.0      1.358051      0.848782 0.378068 0.028283 0.317934  0.424014  0.363615 0.051737  0.285750   0.515624 1.044383  1.287268           0.2025         1.778699         0.149693       1.774306             0.887689
Ind_FixedZ0p9_muSD10_HC5p0_sigY1p36_sigC0p849 0.9         10.0                   5.0      1.358051      0.848782 0.378076 0.028284 0.317943  0.424024  0.363615 0.051737  0.285750   0.515624 1.044385  1.287268           0.2025         1.778699         0.149701       1.774306             0.887689
  Ind_FixedZ0p9_muSD5_HC1p0_sigY2p04_sigC1p19 0.9          5.0                   1.0      2.037077      1.188295 0.346863 0.035422 0.280259  0.410932  0.244518 0.050558  0.157567   0.360183 0.999431  1.504733           0.2075         1.778736         0.115065       1.776931             0.967603
 Ind_FixedZ0p9_muSD10_HC1p0_sigY2p04_sigC1p19 0.9         10.0                   1.0      2.037077      1.188295 0.346879 0.035422 0.280275  0.410949  0.244518 0.050558  0.157567   0.360183 0.999431  1.504733           0.2075         1.778737         0.115081       1.776931             0.967603
   Ind_FixedZ0p9_muSD5_HC5p0_sigY1p7_sigC1p19 0.9          5.0                   5.0      1.697564      1.188295 0.365928 0.030933 0.314076  0.429417  0.278287 0.039493  0.222440   0.370441 1.126201  1.044594           0.1965         1.778897         0.136271       1.775588             0.935205
  Ind_FixedZ0p9_muSD10_HC5p0_sigY1p7_sigC1p19 0.9         10.0                   5.0      1.697564      1.188295 0.365942 0.030933 0.314090  0.429432  0.278287 0.039493  0.222440   0.370441 1.126209  1.044594           0.1965         1.778898         0.136285       1.775588             0.935205
  Ind_FixedZ0p9_muSD5_HC2p5_sigY1p7_sigC0p849 0.9          5.0                   2.5      1.697564      0.848782 0.371599 0.026155 0.334237  0.437983  0.210529 0.036068  0.141664   0.286331 1.002927  1.462507           0.1975         1.779921         0.140294       1.776302             0.926566
 Ind_FixedZ0p9_muSD10_HC2p5_sigY1p7_sigC0p849 0.9         10.0                   2.5      1.697564      0.848782 0.371610 0.026155 0.334247  0.437994  0.210529 0.036068  0.141664   0.286331 1.002927  1.462507           0.1975         1.779921         0.140304       1.776302             0.926566
  Ind_FixedZ0p9_muSD5_HC5p0_sigY2p04_sigC1p02 0.9          5.0                   5.0      2.037077      1.018538 0.371502 0.037650 0.291691  0.439512  0.253751 0.042372  0.194454   0.348676 1.020377  1.089996           0.1940         1.780698         0.143001       1.776867             0.969762
 Ind_FixedZ0p9_muSD10_HC5p0_sigY2p04_sigC1p02 0.9         10.0                   5.0      2.037077      1.018538 0.371517 0.037651 0.291705  0.439527  0.253751 0.042372  0.194454   0.348676 1.020378  1.089996           0.1940         1.780699         0.143016       1.776867             0.969762

Comparison with baselines for independent fixed Z Z_0p9
=======================================================
 Rank_by_RMSE                                         Model   Z  mu_prior_sd  tau_halfcauchy_scale  sigma_y_used  sigma_c_used  Validation_RMSE  Validation_Bias  Validation_SE  Validation_Coverage  Rhat_mu  Rhat_tau  tau_accept_rate                  Method_Type
            1               MICE-style iterative regression NaN          NaN                   NaN           NaN           NaN         1.681353        -0.058638       1.682148                  NaN      NaN       NaN              NaN            Comparison method
            2                          Gaussian Naive Bayes NaN          NaN                   NaN           NaN           NaN         1.714547         0.013585       1.716348                  NaN      NaN       NaN              NaN            Comparison method
            3                                    Naive mean NaN          NaN                   NaN           NaN           NaN         1.749896         0.080302       1.749944                  NaN      NaN       NaN              NaN            Comparison method
            4   Ind_FixedZ0p9_muSD10_HC1p0_sigY1p7_sigC1p02 0.9         10.0                   1.0      1.697564      1.018538         1.771595        -0.080003       1.771702             0.928726 1.033352  2.842231           0.1850 Bayesian independent fixed Z
            5    Ind_FixedZ0p9_muSD5_HC1p0_sigY1p7_sigC1p02 0.9          5.0                   1.0      1.697564      1.018538         1.771595        -0.080004       1.771702             0.928726 1.033353  2.842231           0.1850 Bayesian independent fixed Z
            6    Ind_FixedZ0p9_muSD5_HC2p5_sigY1p7_sigC1p19 0.9          5.0                   2.5      1.697564      1.188295         1.771621         0.110100       1.770109             0.933045 1.824325  6.407262           0.2035 Bayesian independent fixed Z
            7   Ind_FixedZ0p9_muSD10_HC2p5_sigY1p7_sigC1p19 0.9         10.0                   2.5      1.697564      1.188295         1.771622         0.110111       1.770109             0.933045 1.824397  6.407262           0.2035 Bayesian independent fixed Z
            8   Ind_FixedZ0p9_muSD5_HC2p5_sigY1p36_sigC1p02 0.9          5.0                   2.5      1.358051      1.018538         1.771657         0.134983       1.768418             0.889849 0.999497  1.008772           0.2255 Bayesian independent fixed Z
            9  Ind_FixedZ0p9_muSD10_HC2p5_sigY1p36_sigC1p02 0.9         10.0                   2.5      1.358051      1.018538         1.771657         0.134992       1.768418             0.889849 0.999497  1.008772           0.2255 Bayesian independent fixed Z
           10   Ind_FixedZ0p9_muSD5_HC2p5_sigY2p04_sigC1p02 0.9          5.0                   2.5      2.037077      1.018538         1.771744         0.146968       1.767548             0.969762 1.274430  1.174891           0.2045 Bayesian independent fixed Z
           11  Ind_FixedZ0p9_muSD10_HC2p5_sigY2p04_sigC1p02 0.9         10.0                   2.5      2.037077      1.018538         1.771745         0.146983       1.767548             0.969762 1.274437  1.174891           0.2045 Bayesian independent fixed Z
           12   Ind_FixedZ0p9_muSD5_HC2p5_sigY1p36_sigC1p19 0.9          5.0                   2.5      1.358051      1.188295         1.771908         0.119807       1.769765             0.889849 1.388088  4.575721           0.1790 Bayesian independent fixed Z
           13  Ind_FixedZ0p9_muSD10_HC2p5_sigY1p36_sigC1p19 0.9         10.0                   2.5      1.358051      1.188295         1.771908         0.119816       1.769765             0.889849 1.388109  4.575721           0.1790 Bayesian independent fixed Z
           14   Ind_FixedZ0p9_muSD5_HC1p0_sigY2p04_sigC1p02 0.9          5.0                   1.0      2.037077      1.018538         1.772137         0.144780       1.768124             0.965443 1.366149  2.161279           0.1980 Bayesian independent fixed Z
           15  Ind_FixedZ0p9_muSD10_HC1p0_sigY2p04_sigC1p02 0.9         10.0                   1.0      2.037077      1.018538         1.772139         0.144794       1.768124             0.965443 1.366181  2.161279           0.1980 Bayesian independent fixed Z
           16    Ind_FixedZ0p9_muSD5_HC5p0_sigY1p7_sigC1p36 0.9          5.0                   5.0      1.697564      1.358051         1.772848         0.125214       1.770333             0.935205 1.119545  1.025918           0.2170 Bayesian independent fixed Z
           17   Ind_FixedZ0p9_muSD10_HC5p0_sigY1p7_sigC1p36 0.9         10.0                   5.0      1.697564      1.358051         1.772849         0.125228       1.770333             0.935205 1.119550  1.025918           0.2170 Bayesian independent fixed Z
           18   Ind_FixedZ0p9_muSD5_HC5p0_sigY1p36_sigC1p36 0.9          5.0                   5.0      1.358051      1.358051         1.773307         0.114484       1.771522             0.902808 1.004380  1.084099           0.2160 Bayesian independent fixed Z
           19  Ind_FixedZ0p9_muSD10_HC5p0_sigY1p36_sigC1p36 0.9         10.0                   5.0      1.358051      1.358051         1.773308         0.114494       1.771522             0.902808 1.004380  1.084099           0.2160 Bayesian independent fixed Z
           20  Ind_FixedZ0p9_muSD5_HC1p0_sigY1p36_sigC0p849 0.9          5.0                   1.0      1.358051      0.848782         1.773969         0.154301       1.769157             0.885529 1.001637  1.056602           0.2060 Bayesian independent fixed Z
           21 Ind_FixedZ0p9_muSD10_HC1p0_sigY1p36_sigC0p849 0.9         10.0                   1.0      1.358051      0.848782         1.773970         0.154310       1.769157             0.885529 1.001637  1.056602           0.2060 Bayesian independent fixed Z
           22   Ind_FixedZ0p9_muSD5_HC5p0_sigY2p04_sigC1p36 0.9          5.0                   5.0      2.037077      1.358051         1.774155         0.148646       1.769830             0.963283 1.171047  1.033549           0.2200 Bayesian independent fixed Z
           23  Ind_FixedZ0p9_muSD10_HC5p0_sigY2p04_sigC1p36 0.9         10.0                   5.0      2.037077      1.358051         1.774157         0.148665       1.769830             0.963283 1.171054  1.033549           0.2200 Bayesian independent fixed Z
           24   Ind_FixedZ0p9_muSD5_HC5p0_sigY1p36_sigC1p02 0.9          5.0                   5.0      1.358051      1.018538         1.774286         0.135603       1.771010             0.887689 1.014246  3.424457           0.2015 Bayesian independent fixed Z
           25  Ind_FixedZ0p9_muSD10_HC5p0_sigY1p36_sigC1p02 0.9         10.0                   5.0      1.358051      1.018538         1.774287         0.135613       1.771010             0.887689 1.014244  3.424457           0.2015 Bayesian independent fixed Z
           26    Ind_FixedZ0p9_muSD5_HC5p0_sigY1p7_sigC1p02 0.9          5.0                   5.0      1.697564      1.018538         1.774676         0.147613       1.770439             0.935205 1.234241  1.037774           0.2105 Bayesian independent fixed Z
           27   Ind_FixedZ0p9_muSD10_HC5p0_sigY1p7_sigC1p02 0.9         10.0                   5.0      1.697564      1.018538         1.774677         0.147626       1.770439             0.935205 1.234245  1.037774           0.2105 Bayesian independent fixed Z
           28   Ind_FixedZ0p9_muSD5_HC1p0_sigY1p36_sigC1p19 0.9          5.0                   1.0      1.358051      1.188295         1.774848         0.130979       1.771923             0.894168 0.999401  1.626883           0.1925 Bayesian independent fixed Z
           29  Ind_FixedZ0p9_muSD10_HC1p0_sigY1p36_sigC1p19 0.9         10.0                   1.0      1.358051      1.188295         1.774849         0.130989       1.771923             0.894168 0.999401  1.626883           0.1925 Bayesian independent fixed Z
           30   Ind_FixedZ0p9_muSD5_HC1p0_sigY1p36_sigC1p36 0.9          5.0                   1.0      1.358051      1.358051         1.775050         0.120293       1.772885             0.896328 1.037984  1.061412           0.1950 Bayesian independent fixed Z
           31  Ind_FixedZ0p9_muSD10_HC1p0_sigY1p36_sigC1p36 0.9         10.0                   1.0      1.358051      1.358051         1.775051         0.120304       1.772885             0.896328 1.037984  1.061412           0.1950 Bayesian independent fixed Z
           32  Ind_FixedZ0p9_muSD5_HC2p5_sigY2p04_sigC0p849 0.9          5.0                   2.5      2.037077      0.848782         1.775079         0.165138       1.769292             0.965443 1.212427  1.237216           0.1990 Bayesian independent fixed Z
           33 Ind_FixedZ0p9_muSD10_HC2p5_sigY2p04_sigC0p849 0.9         10.0                   2.5      2.037077      0.848782         1.775080         0.165151       1.769292             0.965443 1.212431  1.237216           0.1990 Bayesian independent fixed Z
           34   Ind_FixedZ0p9_muSD5_HC5p0_sigY1p36_sigC1p19 0.9          5.0                   5.0      1.358051      1.188295         1.775161         0.130350       1.772284             0.896328 1.005106  1.227432           0.2120 Bayesian independent fixed Z
           35  Ind_FixedZ0p9_muSD10_HC5p0_sigY1p36_sigC1p19 0.9         10.0                   5.0      1.358051      1.188295         1.775162         0.130360       1.772284             0.896328 1.005107  1.227432           0.2120 Bayesian independent fixed Z
           36    Ind_FixedZ0p9_muSD5_HC2p5_sigY1p7_sigC1p36 0.9          5.0                   2.5      1.697564      1.358051         1.775437         0.129096       1.772653             0.935205 1.000160  1.418300           0.2100 Bayesian independent fixed Z
           37   Ind_FixedZ0p9_muSD10_HC2p5_sigY1p7_sigC1p36 0.9         10.0                   2.5      1.697564      1.358051         1.775438         0.129111       1.772653             0.935205 1.000160  1.418300           0.2100 Bayesian independent fixed Z
           38   Ind_FixedZ0p9_muSD5_HC2p5_sigY1p36_sigC1p36 0.9          5.0                   2.5      1.358051      1.358051         1.775501         0.118059       1.773488             0.896328 0.999596  1.039717           0.1985 Bayesian independent fixed Z
           39  Ind_FixedZ0p9_muSD10_HC2p5_sigY1p36_sigC1p36 0.9         10.0                   2.5      1.358051      1.358051         1.775502         0.118070       1.773488             0.896328 0.999597  1.039717           0.1985 Bayesian independent fixed Z
           40    Ind_FixedZ0p9_muSD5_HC1p0_sigY1p7_sigC1p36 0.9          5.0                   1.0      1.697564      1.358051         1.775550         0.131466       1.772592             0.935205 1.010336  1.015878           0.2070 Bayesian independent fixed Z
           41   Ind_FixedZ0p9_muSD10_HC1p0_sigY1p7_sigC1p36 0.9         10.0                   1.0      1.697564      1.358051         1.775551         0.131480       1.772592             0.935205 1.010337  1.015878           0.2070 Bayesian independent fixed Z
           42   Ind_FixedZ0p9_muSD5_HC1p0_sigY1p7_sigC0p849 0.9          5.0                   1.0      1.697564      0.848782         1.775775         0.167199       1.769798             0.935205 1.114723  3.531641           0.2135 Bayesian independent fixed Z
           43  Ind_FixedZ0p9_muSD10_HC1p0_sigY1p7_sigC0p849 0.9         10.0                   1.0      1.697564      0.848782         1.775776         0.167210       1.769798             0.935205 1.114722  3.531641           0.2135 Bayesian independent fixed Z
           44    Ind_FixedZ0p9_muSD5_HC2p5_sigY1p7_sigC1p02 0.9          5.0                   2.5      1.697564      1.018538         1.776062         0.148512       1.771757             0.933045 1.134987  1.372427           0.1920 Bayesian independent fixed Z
           45   Ind_FixedZ0p9_muSD10_HC2p5_sigY1p7_sigC1p02 0.9         10.0                   2.5      1.697564      1.018538         1.776063         0.148524       1.771757             0.933045 1.134993  1.372427           0.1920 Bayesian independent fixed Z
           46   Ind_FixedZ0p9_muSD5_HC2p5_sigY2p04_sigC1p19 0.9          5.0                   2.5      2.037077      1.188295         1.776287         0.146793       1.772125             0.969762 1.414174  1.028967           0.2215 Bayesian independent fixed Z
           47  Ind_FixedZ0p9_muSD10_HC2p5_sigY2p04_sigC1p19 0.9         10.0                   2.5      2.037077      1.188295         1.776288         0.146811       1.772125             0.969762 1.414202  1.028967           0.2215 Bayesian independent fixed Z
           48   Ind_FixedZ0p9_muSD5_HC5p0_sigY2p04_sigC1p19 0.9          5.0                   5.0      2.037077      1.188295         1.776515         0.138745       1.773005             0.965443 1.246240  1.202018           0.2190 Bayesian independent fixed Z
           49  Ind_FixedZ0p9_muSD10_HC5p0_sigY2p04_sigC1p19 0.9         10.0                   5.0      2.037077      1.188295         1.776517         0.138762       1.773005             0.965443 1.246239  1.202018           0.2190 Bayesian independent fixed Z
           50   Ind_FixedZ0p9_muSD5_HC1p0_sigY1p36_sigC1p02 0.9          5.0                   1.0      1.358051      1.018538         1.776726         0.127340       1.774074             0.898488 1.076164  1.231689           0.1935 Bayesian independent fixed Z
           51  Ind_FixedZ0p9_muSD10_HC1p0_sigY1p36_sigC1p02 0.9         10.0                   1.0      1.358051      1.018538         1.776727         0.127349       1.774074             0.898488 1.076164  1.231689           0.1935 Bayesian independent fixed Z
           52   Ind_FixedZ0p9_muSD5_HC2p5_sigY2p04_sigC1p36 0.9          5.0                   2.5      2.037077      1.358051         1.776926         0.145009       1.772915             0.967603 1.018185  0.999913           0.2130 Bayesian independent fixed Z
           53  Ind_FixedZ0p9_muSD10_HC2p5_sigY2p04_sigC1p36 0.9         10.0                   2.5      2.037077      1.358051         1.776928         0.145028       1.772915             0.967603 1.018187  0.999913           0.2130 Bayesian independent fixed Z
           54    Ind_FixedZ0p9_muSD5_HC1p0_sigY1p7_sigC1p19 0.9          5.0                   1.0      1.697564      1.188295         1.777007         0.134378       1.773836             0.935205 1.355058  1.002588           0.2130 Bayesian independent fixed Z
           55   Ind_FixedZ0p9_muSD10_HC1p0_sigY1p7_sigC1p19 0.9         10.0                   1.0      1.697564      1.188295         1.777008         0.134391       1.773836             0.935205 1.355069  1.002588           0.2130 Bayesian independent fixed Z
           56  Ind_FixedZ0p9_muSD5_HC2p5_sigY1p36_sigC0p849 0.9          5.0                   2.5      1.358051      0.848782         1.777225         0.146416       1.773099             0.885529 1.042946  1.390321           0.2230 Bayesian independent fixed Z
           57 Ind_FixedZ0p9_muSD10_HC2p5_sigY1p36_sigC0p849 0.9         10.0                   2.5      1.358051      0.848782         1.777225         0.146425       1.773099             0.885529 1.042946  1.390321           0.2230 Bayesian independent fixed Z
           58  Ind_FixedZ0p9_muSD5_HC1p0_sigY2p04_sigC0p849 0.9          5.0                   1.0      2.037077      0.848782         1.777346         0.153314       1.772637             0.965443 1.282200  1.147829           0.2025 Bayesian independent fixed Z
           59 Ind_FixedZ0p9_muSD10_HC1p0_sigY2p04_sigC0p849 0.9         10.0                   1.0      2.037077      0.848782         1.777347         0.153327       1.772637             0.965443 1.282215  1.147829           0.2025 Bayesian independent fixed Z
           60   Ind_FixedZ0p9_muSD5_HC5p0_sigY1p7_sigC0p849 0.9          5.0                   5.0      1.697564      0.848782         1.777641         0.153957       1.772877             0.930886 1.003695  1.293233           0.2135 Bayesian independent fixed Z
           61  Ind_FixedZ0p9_muSD10_HC5p0_sigY1p7_sigC0p849 0.9         10.0                   5.0      1.697564      0.848782         1.777642         0.153968       1.772877             0.930886 1.003696  1.293233           0.2135 Bayesian independent fixed Z
           62   Ind_FixedZ0p9_muSD5_HC1p0_sigY2p04_sigC1p36 0.9          5.0                   1.0      2.037077      1.358051         1.778124         0.135137       1.774899             0.967603 1.278909  1.018109           0.2110 Bayesian independent fixed Z
           63  Ind_FixedZ0p9_muSD10_HC1p0_sigY2p04_sigC1p36 0.9         10.0                   1.0      2.037077      1.358051         1.778125         0.135155       1.774899             0.967603 1.278921  1.018109           0.2110 Bayesian independent fixed Z
           64  Ind_FixedZ0p9_muSD5_HC5p0_sigY2p04_sigC0p849 0.9          5.0                   5.0      2.037077      0.848782         1.778397         0.165966       1.772551             0.969762 1.199058  1.007655           0.2190 Bayesian independent fixed Z
           65 Ind_FixedZ0p9_muSD10_HC5p0_sigY2p04_sigC0p849 0.9         10.0                   5.0      2.037077      0.848782         1.778398         0.165979       1.772551             0.969762 1.199061  1.007655           0.2190 Bayesian independent fixed Z
           66  Ind_FixedZ0p9_muSD5_HC5p0_sigY1p36_sigC0p849 0.9          5.0                   5.0      1.358051      0.848782         1.778699         0.149693       1.774306             0.887689 1.044383  1.287268           0.2025 Bayesian independent fixed Z
           67 Ind_FixedZ0p9_muSD10_HC5p0_sigY1p36_sigC0p849 0.9         10.0                   5.0      1.358051      0.848782         1.778699         0.149701       1.774306             0.887689 1.044385  1.287268           0.2025 Bayesian independent fixed Z
           68   Ind_FixedZ0p9_muSD5_HC1p0_sigY2p04_sigC1p19 0.9          5.0                   1.0      2.037077      1.188295         1.778736         0.115065       1.776931             0.967603 0.999431  1.504733           0.2075 Bayesian independent fixed Z
           69  Ind_FixedZ0p9_muSD10_HC1p0_sigY2p04_sigC1p19 0.9         10.0                   1.0      2.037077      1.188295         1.778737         0.115081       1.776931             0.967603 0.999431  1.504733           0.2075 Bayesian independent fixed Z
           70    Ind_FixedZ0p9_muSD5_HC5p0_sigY1p7_sigC1p19 0.9          5.0                   5.0      1.697564      1.188295         1.778897         0.136271       1.775588             0.935205 1.126201  1.044594           0.1965 Bayesian independent fixed Z
           71   Ind_FixedZ0p9_muSD10_HC5p0_sigY1p7_sigC1p19 0.9         10.0                   5.0      1.697564      1.188295         1.778898         0.136285       1.775588             0.935205 1.126209  1.044594           0.1965 Bayesian independent fixed Z
           72   Ind_FixedZ0p9_muSD5_HC2p5_sigY1p7_sigC0p849 0.9          5.0                   2.5      1.697564      0.848782         1.779921         0.140294       1.776302             0.926566 1.002927  1.462507           0.1975 Bayesian independent fixed Z
           73  Ind_FixedZ0p9_muSD10_HC2p5_sigY1p7_sigC0p849 0.9         10.0                   2.5      1.697564      0.848782         1.779921         0.140304       1.776302             0.926566 1.002927  1.462507           0.1975 Bayesian independent fixed Z
           74   Ind_FixedZ0p9_muSD5_HC5p0_sigY2p04_sigC1p02 0.9          5.0                   5.0      2.037077      1.018538         1.780698         0.143001       1.776867             0.969762 1.020377  1.089996           0.1940 Bayesian independent fixed Z
           75  Ind_FixedZ0p9_muSD10_HC5p0_sigY2p04_sigC1p02 0.9         10.0                   5.0      2.037077      1.018538         1.780699         0.143016       1.776867             0.969762 1.020378  1.089996           0.1940 Bayesian independent fixed Z
