Independent structure scenario with fixed Z = 0.5
Best model for this Z: Ind_FixedZ0p5_muSD5_HC2p5_sigY1p36_sigC1p36
Scenario directory: F:\gacheri's documents\research NCDs\BIBTEX\New folder\Simulated Datasets\Bayesian Learning Algorithm\Independent_fixedZ_results\scenario_independent_fixed_Z_0p5

Bayesian independent fixed-Z results for Z_0p5
==============================================
                                        Model   Z  mu_prior_sd  tau_halfcauchy_scale  sigma_y_used  sigma_c_used  mu_mean    mu_sd  mu_2.5%  mu_97.5%  tau_mean   tau_sd  tau_2.5%  tau_97.5%  Rhat_mu  Rhat_tau  tau_accept_rate  Validation_RMSE  Validation_Bias  Validation_SE  Validation_Coverage
  Ind_FixedZ0p5_muSD5_HC2p5_sigY1p36_sigC1p36 0.5          5.0                   2.5      1.358051      1.358051 0.286861 0.129923 0.093407  0.448478  0.128448 0.090409  0.036518   0.279746 5.523458  4.673174           0.1855         1.771791         0.056201       1.772815             0.889849
 Ind_FixedZ0p5_muSD10_HC2p5_sigY1p36_sigC1p36 0.5         10.0                   2.5      1.358051      1.358051 0.286866 0.129926 0.093407  0.448487  0.128448 0.090409  0.036518   0.279746 5.523570  4.673174           0.1855         1.771791         0.056205       1.772815             0.889849
  Ind_FixedZ0p5_muSD5_HC1p0_sigY2p04_sigC1p36 0.5          5.0                   1.0      2.037077      1.358051 0.308337 0.127748 0.105531  0.475896  0.137230 0.088621  0.046602   0.273876 4.856109  6.404008           0.2095         1.773087         0.080661       1.773167             0.963283
 Ind_FixedZ0p5_muSD10_HC1p0_sigY2p04_sigC1p36 0.5         10.0                   1.0      2.037077      1.358051 0.308344 0.127753 0.105532  0.475907  0.137230 0.088621  0.046602   0.273876 4.856240  6.404008           0.2095         1.773088         0.080668       1.773167             0.963283
   Ind_FixedZ0p5_muSD5_HC1p0_sigY1p7_sigC1p36 0.5          5.0                   1.0      1.697564      1.358051 0.375752 0.058943 0.234349  0.460459  0.137626 0.053962  0.078779   0.223805 2.016923  6.429506           0.1805         1.774707         0.143166       1.770837             0.930886
  Ind_FixedZ0p5_muSD10_HC1p0_sigY1p7_sigC1p36 0.5         10.0                   1.0      1.697564      1.358051 0.375759 0.058945 0.234351  0.460469  0.137626 0.053962  0.078779   0.223805 2.016968  6.429506           0.1805         1.774708         0.143173       1.770837             0.930886
  Ind_FixedZ0p5_muSD5_HC2p5_sigY1p36_sigC1p02 0.5          5.0                   2.5      1.358051      1.018538 0.427148 0.024268 0.381183  0.473186  0.293063 0.048921  0.224919   0.408913 1.021113  1.082107           0.2090         1.779089         0.198912       1.769846             0.885529
 Ind_FixedZ0p5_muSD10_HC2p5_sigY1p36_sigC1p02 0.5         10.0                   2.5      1.358051      1.018538 0.427154 0.024268 0.381188  0.473192  0.293063 0.048921  0.224919   0.408913 1.021112  1.082107           0.2090         1.779089         0.198918       1.769846             0.885529
  Ind_FixedZ0p5_muSD5_HC5p0_sigY2p04_sigC1p02 0.5          5.0                   5.0      2.037077      1.018538 0.445472 0.022055 0.402668  0.490933  0.282863 0.057732  0.179245   0.380094 1.041267  0.999992           0.2000         1.779866         0.215462       1.768687             0.963283
 Ind_FixedZ0p5_muSD10_HC5p0_sigY2p04_sigC1p02 0.5         10.0                   5.0      2.037077      1.018538 0.445479 0.022055 0.402675  0.490940  0.282863 0.057732  0.179245   0.380094 1.041268  0.999992           0.2000         1.779867         0.215469       1.768687             0.963283
  Ind_FixedZ0p5_muSD5_HC1p0_sigY1p36_sigC1p36 0.5          5.0                   1.0      1.358051      1.358051 0.427573 0.020938 0.381996  0.473171  0.179841 0.035293  0.117759   0.256565 1.313727  1.457710           0.2010         1.779873         0.195003       1.771072             0.879050
 Ind_FixedZ0p5_muSD10_HC1p0_sigY1p36_sigC1p36 0.5         10.0                   1.0      1.358051      1.358051 0.427582 0.020938 0.382004  0.473180  0.179841 0.035293  0.117759   0.256565 1.313737  1.457710           0.2010         1.779874         0.195011       1.771072             0.879050
  Ind_FixedZ0p5_muSD5_HC5p0_sigY1p36_sigC1p36 0.5          5.0                   5.0      1.358051      1.358051 0.414332 0.021702 0.369650  0.455780  0.220490 0.040649  0.159351   0.309778 1.112948  1.066347           0.2160         1.780231         0.183243       1.772691             0.876890
 Ind_FixedZ0p5_muSD10_HC5p0_sigY1p36_sigC1p36 0.5         10.0                   5.0      1.358051      1.358051 0.414341 0.021702 0.369658  0.455789  0.220490 0.040649  0.159351   0.309778 1.112949  1.066347           0.2160         1.780232         0.183252       1.772691             0.876890
   Ind_FixedZ0p5_muSD5_HC2p5_sigY1p7_sigC1p36 0.5          5.0                   2.5      1.697564      1.358051 0.418460 0.024663 0.374616  0.468712  0.203553 0.035651  0.163495   0.308875 1.096304  0.999305           0.1975         1.780282         0.189097       1.772125             0.928726
  Ind_FixedZ0p5_muSD10_HC2p5_sigY1p7_sigC1p36 0.5         10.0                   2.5      1.697564      1.358051 0.418470 0.024663 0.374625  0.468722  0.203553 0.035651  0.163495   0.308875 1.096306  0.999305           0.1975         1.780283         0.189107       1.772125             0.928726
  Ind_FixedZ0p5_muSD5_HC1p0_sigY1p36_sigC1p19 0.5          5.0                   1.0      1.358051      1.188295 0.423720 0.022278 0.388456  0.475468  0.171422 0.074494  0.098100   0.348602 1.114389  2.055506           0.2095         1.780734         0.192846       1.772176             0.881210
 Ind_FixedZ0p5_muSD10_HC1p0_sigY1p36_sigC1p19 0.5         10.0                   1.0      1.358051      1.188295 0.423727 0.022278 0.388463  0.475476  0.171422 0.074494  0.098100   0.348602 1.114399  2.055506           0.2095         1.780735         0.192853       1.772176             0.881210
  Ind_FixedZ0p5_muSD5_HC5p0_sigY1p36_sigC1p19 0.5          5.0                   5.0      1.358051      1.188295 0.426906 0.021273 0.378672  0.472281  0.201879 0.028296  0.167068   0.257431 1.000368  1.277982           0.2115         1.781067         0.196897       1.772065             0.881210
 Ind_FixedZ0p5_muSD10_HC5p0_sigY1p36_sigC1p19 0.5         10.0                   5.0      1.358051      1.188295 0.426914 0.021273 0.378679  0.472288  0.201879 0.028296  0.167068   0.257431 1.000368  1.277982           0.2115         1.781068         0.196904       1.772065             0.881210
  Ind_FixedZ0p5_muSD5_HC2p5_sigY2p04_sigC1p02 0.5          5.0                   2.5      2.037077      1.018538 0.443936 0.021193 0.395111  0.481053  0.290227 0.051903  0.225485   0.399596 1.067597  1.216634           0.2125         1.781258         0.214235       1.770240             0.967603
 Ind_FixedZ0p5_muSD10_HC2p5_sigY2p04_sigC1p02 0.5         10.0                   2.5      2.037077      1.018538 0.443943 0.021193 0.395117  0.481060  0.290227 0.051903  0.225485   0.399596 1.067597  1.216634           0.2125         1.781258         0.214242       1.770240             0.967603
   Ind_FixedZ0p5_muSD5_HC5p0_sigY1p7_sigC1p02 0.5          5.0                   5.0      1.697564      1.018538 0.434501 0.026174 0.373120  0.490601  0.162344 0.035002  0.121479   0.235102 1.165194  2.394037           0.1880         1.781479         0.204338       1.771636             0.933045
  Ind_FixedZ0p5_muSD10_HC5p0_sigY1p7_sigC1p02 0.5         10.0                   5.0      1.697564      1.018538 0.434507 0.026175 0.373125  0.490608  0.162344 0.035002  0.121479   0.235102 1.165199  2.394037           0.1880         1.781480         0.204344       1.771636             0.933045
   Ind_FixedZ0p5_muSD5_HC2p5_sigY1p7_sigC1p19 0.5          5.0                   2.5      1.697564      1.188295 0.435750 0.025720 0.379862  0.479827  0.242902 0.054882  0.173283   0.370053 1.000543  1.008464           0.2105         1.781754         0.202052       1.772175             0.933045
  Ind_FixedZ0p5_muSD10_HC2p5_sigY1p7_sigC1p19 0.5         10.0                   2.5      1.697564      1.188295 0.435758 0.025720 0.379870  0.479836  0.242902 0.054882  0.173283   0.370053 1.000543  1.008464           0.2105         1.781755         0.202060       1.772175             0.933045
   Ind_FixedZ0p5_muSD5_HC1p0_sigY1p7_sigC1p19 0.5          5.0                   1.0      1.697564      1.188295 0.433743 0.021307 0.388864  0.470450  0.222307 0.030676  0.170026   0.276750 1.015920  1.179378           0.1995         1.782022         0.207545       1.771810             0.933045
  Ind_FixedZ0p5_muSD10_HC1p0_sigY1p7_sigC1p19 0.5         10.0                   1.0      1.697564      1.188295 0.433752 0.021307 0.388872  0.470459  0.222307 0.030676  0.170026   0.276750 1.015921  1.179378           0.1995         1.782023         0.207553       1.771810             0.933045
   Ind_FixedZ0p5_muSD5_HC5p0_sigY1p7_sigC1p36 0.5          5.0                   5.0      1.697564      1.358051 0.422958 0.028803 0.364049  0.472826  0.233625 0.036369  0.159956   0.298104 1.017598  1.149867           0.2180         1.782037         0.199582       1.772741             0.930886
  Ind_FixedZ0p5_muSD10_HC5p0_sigY1p7_sigC1p36 0.5         10.0                   5.0      1.697564      1.358051 0.422968 0.028804 0.364058  0.472837  0.233625 0.036369  0.159956   0.298104 1.017600  1.149867           0.2180         1.782038         0.199592       1.772741             0.930886
  Ind_FixedZ0p5_muSD5_HC1p0_sigY1p36_sigC1p02 0.5          5.0                   1.0      1.358051      1.018538 0.433923 0.021599 0.391888  0.472304  0.247824 0.047568  0.181222   0.355783 1.005093  1.592854           0.2050         1.782215         0.204996       1.772301             0.883369
 Ind_FixedZ0p5_muSD10_HC1p0_sigY1p36_sigC1p02 0.5         10.0                   1.0      1.358051      1.018538 0.433929 0.021599 0.391894  0.472311  0.247824 0.047568  0.181222   0.355783 1.005093  1.592854           0.2050         1.782216         0.205002       1.772301             0.883369
  Ind_FixedZ0p5_muSD5_HC5p0_sigY1p36_sigC1p02 0.5          5.0                   5.0      1.358051      1.018538 0.427437 0.021689 0.381019  0.467374  0.287349 0.053470  0.197812   0.371875 1.094277  1.001293           0.2115         1.782900         0.193392       1.774297             0.885529
 Ind_FixedZ0p5_muSD10_HC5p0_sigY1p36_sigC1p02 0.5         10.0                   5.0      1.358051      1.018538 0.427443 0.021689 0.381024  0.467381  0.287349 0.053470  0.197812   0.371875 1.094279  1.001293           0.2115         1.782900         0.193397       1.774297             0.885529
  Ind_FixedZ0p5_muSD5_HC2p5_sigY1p36_sigC1p19 0.5          5.0                   2.5      1.358051      1.188295 0.429068 0.019437 0.395363  0.471630  0.191436 0.041159  0.122862   0.292144 1.001870  1.184504           0.2165         1.783136         0.195299       1.774326             0.881210
 Ind_FixedZ0p5_muSD10_HC2p5_sigY1p36_sigC1p19 0.5         10.0                   2.5      1.358051      1.188295 0.429075 0.019437 0.395370  0.471638  0.191436 0.041159  0.122862   0.292144 1.001870  1.184504           0.2165         1.783137         0.195306       1.774326             0.881210
   Ind_FixedZ0p5_muSD5_HC1p0_sigY1p7_sigC1p02 0.5          5.0                   1.0      1.697564      1.018538 0.443336 0.021377 0.392353  0.482549  0.256629 0.044808  0.174957   0.345858 1.001612  1.031227           0.1970         1.783245         0.210508       1.772691             0.935205
  Ind_FixedZ0p5_muSD10_HC1p0_sigY1p7_sigC1p02 0.5         10.0                   1.0      1.697564      1.018538 0.443343 0.021377 0.392359  0.482556  0.256629 0.044808  0.174957   0.345858 1.001611  1.031227           0.1970         1.783245         0.210514       1.772691             0.935205
   Ind_FixedZ0p5_muSD5_HC5p0_sigY1p7_sigC1p19 0.5          5.0                   5.0      1.697564      1.188295 0.435441 0.027795 0.390759  0.501242  0.251879 0.047976  0.185682   0.362050 1.268350  1.213902           0.2230         1.783461         0.201798       1.773925             0.935205
  Ind_FixedZ0p5_muSD10_HC5p0_sigY1p7_sigC1p19 0.5         10.0                   5.0      1.697564      1.188295 0.435450 0.027796 0.390767  0.501251  0.251879 0.047976  0.185682   0.362050 1.268353  1.213902           0.2230         1.783462         0.201806       1.773925             0.935205
   Ind_FixedZ0p5_muSD5_HC2p5_sigY1p7_sigC1p02 0.5          5.0                   2.5      1.697564      1.018538 0.443393 0.021376 0.407664  0.489940  0.267556 0.040590  0.200170   0.351663 1.020776  1.956744           0.1825         1.783952         0.211557       1.773280             0.935205
  Ind_FixedZ0p5_muSD10_HC2p5_sigY1p7_sigC1p02 0.5         10.0                   2.5      1.697564      1.018538 0.443400 0.021376 0.407671  0.489947  0.267556 0.040590  0.200170   0.351663 1.020775  1.956744           0.1825         1.783953         0.211563       1.773280             0.935205
  Ind_FixedZ0p5_muSD5_HC5p0_sigY2p04_sigC1p36 0.5          5.0                   5.0      2.037077      1.358051 0.431061 0.030975 0.375050  0.486486  0.214396 0.036140  0.163898   0.294332 1.241637  1.061795           0.2240         1.784749         0.204007       1.774969             0.967603
 Ind_FixedZ0p5_muSD10_HC5p0_sigY2p04_sigC1p36 0.5         10.0                   5.0      2.037077      1.358051 0.431072 0.030976 0.375060  0.486498  0.214396 0.036140  0.163898   0.294332 1.241643  1.061795           0.2240         1.784750         0.204017       1.774969             0.967603
  Ind_FixedZ0p5_muSD5_HC2p5_sigY2p04_sigC1p19 0.5          5.0                   2.5      2.037077      1.188295 0.446001 0.021957 0.410162  0.493504  0.187360 0.045601  0.125617   0.321519 1.047560  1.120655           0.1995         1.785097         0.212797       1.774285             0.963283
 Ind_FixedZ0p5_muSD10_HC2p5_sigY2p04_sigC1p19 0.5         10.0                   2.5      2.037077      1.188295 0.446010 0.021957 0.410171  0.493513  0.187360 0.045601  0.125617   0.321519 1.047562  1.120655           0.1995         1.785098         0.212806       1.774285             0.963283
  Ind_FixedZ0p5_muSD5_HC5p0_sigY2p04_sigC1p19 0.5          5.0                   5.0      2.037077      1.188295 0.424944 0.025548 0.373135  0.469691  0.217293 0.048237  0.134614   0.324069 1.004594  1.690180           0.2245         1.785439         0.192905       1.776908             0.965443
 Ind_FixedZ0p5_muSD10_HC5p0_sigY2p04_sigC1p19 0.5         10.0                   5.0      2.037077      1.188295 0.424952 0.025548 0.373143  0.469701  0.217293 0.048237  0.134614   0.324069 1.004594  1.690180           0.2245         1.785440         0.192913       1.776908             0.965443
  Ind_FixedZ0p5_muSD5_HC1p0_sigY2p04_sigC1p02 0.5          5.0                   1.0      2.037077      1.018538 0.438296 0.019980 0.400623  0.478950  0.242647 0.043089  0.184022   0.351540 1.164544  1.216169           0.2015         1.785500         0.210088       1.775015             0.965443
 Ind_FixedZ0p5_muSD10_HC1p0_sigY2p04_sigC1p02 0.5         10.0                   1.0      2.037077      1.018538 0.438303 0.019980 0.400630  0.478958  0.242647 0.043089  0.184022   0.351540 1.164549  1.216169           0.2015         1.785501         0.210095       1.775015             0.965443
  Ind_FixedZ0p5_muSD5_HC1p0_sigY2p04_sigC1p19 0.5          5.0                   1.0      2.037077      1.188295 0.450966 0.023905 0.403624  0.493755  0.189482 0.037967  0.124205   0.265990 1.177868  1.449385           0.1865         1.785818         0.223631       1.773677             0.963283
 Ind_FixedZ0p5_muSD10_HC1p0_sigY2p04_sigC1p19 0.5         10.0                   1.0      2.037077      1.188295 0.450976 0.023905 0.403633  0.493764  0.189482 0.037967  0.124205   0.265990 1.177875  1.449385           0.1865         1.785819         0.223640       1.773677             0.963283
  Ind_FixedZ0p5_muSD5_HC2p5_sigY2p04_sigC1p36 0.5          5.0                   2.5      2.037077      1.358051 0.446405 0.026917 0.398901  0.503161  0.205222 0.041347  0.143715   0.275543 1.000623  1.345055           0.1865         1.787646         0.216971       1.776349             0.965443
 Ind_FixedZ0p5_muSD10_HC2p5_sigY2p04_sigC1p36 0.5         10.0                   2.5      2.037077      1.358051 0.446416 0.026918 0.398911  0.503173  0.205222 0.041347  0.143715   0.275543 1.000623  1.345055           0.1865         1.787647         0.216982       1.776349             0.965443
 Ind_FixedZ0p5_muSD5_HC5p0_sigY1p36_sigC0p849 0.5          5.0                   5.0      1.358051      0.848782 0.440310 0.021363 0.397551  0.481999  0.593243 0.027276  0.544891   0.657644 0.999609  0.999332           0.1990         1.797232         0.212125       1.786600             0.892009
Ind_FixedZ0p5_muSD10_HC5p0_sigY1p36_sigC0p849 0.5         10.0                   5.0      1.358051      0.848782 0.440316 0.021363 0.397556  0.482005  0.593243 0.027276  0.544891   0.657644 0.999609  0.999332           0.1990         1.797233         0.212130       1.786600             0.892009
 Ind_FixedZ0p5_muSD5_HC2p5_sigY1p36_sigC0p849 0.5          5.0                   2.5      1.358051      0.848782 0.437319 0.019966 0.397625  0.473965  0.588639 0.026199  0.534409   0.644144 1.018234  1.033239           0.2115         1.801377         0.208032       1.791260             0.894168
Ind_FixedZ0p5_muSD10_HC2p5_sigY1p36_sigC0p849 0.5         10.0                   2.5      1.358051      0.848782 0.437325 0.019966 0.397630  0.473971  0.588639 0.026199  0.534409   0.644144 1.018234  1.033239           0.2115         1.801378         0.208037       1.791260             0.894168
  Ind_FixedZ0p5_muSD5_HC5p0_sigY1p7_sigC0p849 0.5          5.0                   5.0      1.697564      0.848782 0.446939 0.021144 0.405009  0.488034  0.621243 0.033211  0.562629   0.706138 1.007600  1.004005           0.2065         1.802917         0.213823       1.792129             0.943844
 Ind_FixedZ0p5_muSD10_HC5p0_sigY1p7_sigC0p849 0.5         10.0                   5.0      1.697564      0.848782 0.446945 0.021144 0.405015  0.488040  0.621243 0.033211  0.562629   0.706138 1.007600  1.004005           0.2065         1.802918         0.213828       1.792129             0.943844
 Ind_FixedZ0p5_muSD5_HC1p0_sigY2p04_sigC0p849 0.5          5.0                   1.0      2.037077      0.848782 0.453217 0.022523 0.407117  0.496846  0.628502 0.032378  0.560318   0.685743 1.006206  1.002354           0.1775         1.803657         0.218547       1.792304             0.956803
Ind_FixedZ0p5_muSD10_HC1p0_sigY2p04_sigC0p849 0.5         10.0                   1.0      2.037077      0.848782 0.453224 0.022523 0.407123  0.496853  0.628502 0.032378  0.560318   0.685743 1.006206  1.002354           0.1775         1.803657         0.218553       1.792304             0.956803
  Ind_FixedZ0p5_muSD5_HC1p0_sigY1p7_sigC0p849 0.5          5.0                   1.0      1.697564      0.848782 0.446397 0.022016 0.403304  0.489843  0.614457 0.028153  0.570227   0.673141 1.002784  1.032548           0.1895         1.803680         0.218215       1.792367             0.937365
 Ind_FixedZ0p5_muSD10_HC1p0_sigY1p7_sigC0p849 0.5         10.0                   1.0      1.697564      0.848782 0.446403 0.022017 0.403310  0.489850  0.614457 0.028153  0.570227   0.673141 1.002784  1.032548           0.1895         1.803680         0.218220       1.792367             0.937365
  Ind_FixedZ0p5_muSD5_HC2p5_sigY1p7_sigC0p849 0.5          5.0                   2.5      1.697564      0.848782 0.446570 0.020682 0.405540  0.486012  0.622382 0.029363  0.568444   0.683018 1.000420  0.999324           0.2115         1.804745         0.212566       1.794121             0.937365
 Ind_FixedZ0p5_muSD10_HC2p5_sigY1p7_sigC0p849 0.5         10.0                   2.5      1.697564      0.848782 0.446576 0.020682 0.405545  0.486019  0.622382 0.029363  0.568444   0.683018 1.000420  0.999324           0.2115         1.804745         0.212571       1.794121             0.937365
 Ind_FixedZ0p5_muSD5_HC5p0_sigY2p04_sigC0p849 0.5          5.0                   5.0      2.037077      0.848782 0.448753 0.021407 0.407779  0.490409  0.634071 0.023697  0.587975   0.678515 1.003573  1.182883           0.2135         1.805459         0.216008       1.794430             0.963283
Ind_FixedZ0p5_muSD10_HC5p0_sigY2p04_sigC0p849 0.5         10.0                   5.0      2.037077      0.848782 0.448759 0.021407 0.407785  0.490416  0.634071 0.023697  0.587975   0.678515 1.003573  1.182883           0.2135         1.805460         0.216013       1.794430             0.963283
 Ind_FixedZ0p5_muSD5_HC1p0_sigY1p36_sigC0p849 0.5          5.0                   1.0      1.358051      0.848782 0.439148 0.021352 0.396438  0.482597  0.600487 0.025391  0.542484   0.657836 1.000863  1.057002           0.2060         1.806389         0.208503       1.796257             0.887689
Ind_FixedZ0p5_muSD10_HC1p0_sigY1p36_sigC0p849 0.5         10.0                   1.0      1.358051      0.848782 0.439154 0.021352 0.396443  0.482603  0.600487 0.025391  0.542484   0.657836 1.000863  1.057002           0.2060         1.806390         0.208508       1.796257             0.887689
 Ind_FixedZ0p5_muSD5_HC2p5_sigY2p04_sigC0p849 0.5          5.0                   2.5      2.037077      0.848782 0.448852 0.023408 0.400263  0.493165  0.654344 0.023217  0.613115   0.696384 0.999343  1.007510           0.1900         1.810000         0.217227       1.798861             0.963283
Ind_FixedZ0p5_muSD10_HC2p5_sigY2p04_sigC0p849 0.5         10.0                   2.5      2.037077      0.848782 0.448859 0.023409 0.400269  0.493172  0.654344 0.023217  0.613115   0.696384 0.999343  1.007510           0.1900         1.810001         0.217232       1.798861             0.963283

Diagnostics for independent fixed Z Z_0p5
=========================================
                                        Model   Z  mu_prior_sd  tau_halfcauchy_scale  sigma_y_used  sigma_c_used  mu_mean    mu_sd  mu_2.5%  mu_97.5%  tau_mean   tau_sd  tau_2.5%  tau_97.5%  Rhat_mu  Rhat_tau  tau_accept_rate  Validation_RMSE  Validation_Bias  Validation_SE  Validation_Coverage
  Ind_FixedZ0p5_muSD5_HC2p5_sigY1p36_sigC1p36 0.5          5.0                   2.5      1.358051      1.358051 0.286861 0.129923 0.093407  0.448478  0.128448 0.090409  0.036518   0.279746 5.523458  4.673174           0.1855         1.771791         0.056201       1.772815             0.889849
 Ind_FixedZ0p5_muSD10_HC2p5_sigY1p36_sigC1p36 0.5         10.0                   2.5      1.358051      1.358051 0.286866 0.129926 0.093407  0.448487  0.128448 0.090409  0.036518   0.279746 5.523570  4.673174           0.1855         1.771791         0.056205       1.772815             0.889849
  Ind_FixedZ0p5_muSD5_HC1p0_sigY2p04_sigC1p36 0.5          5.0                   1.0      2.037077      1.358051 0.308337 0.127748 0.105531  0.475896  0.137230 0.088621  0.046602   0.273876 4.856109  6.404008           0.2095         1.773087         0.080661       1.773167             0.963283
 Ind_FixedZ0p5_muSD10_HC1p0_sigY2p04_sigC1p36 0.5         10.0                   1.0      2.037077      1.358051 0.308344 0.127753 0.105532  0.475907  0.137230 0.088621  0.046602   0.273876 4.856240  6.404008           0.2095         1.773088         0.080668       1.773167             0.963283
   Ind_FixedZ0p5_muSD5_HC1p0_sigY1p7_sigC1p36 0.5          5.0                   1.0      1.697564      1.358051 0.375752 0.058943 0.234349  0.460459  0.137626 0.053962  0.078779   0.223805 2.016923  6.429506           0.1805         1.774707         0.143166       1.770837             0.930886
  Ind_FixedZ0p5_muSD10_HC1p0_sigY1p7_sigC1p36 0.5         10.0                   1.0      1.697564      1.358051 0.375759 0.058945 0.234351  0.460469  0.137626 0.053962  0.078779   0.223805 2.016968  6.429506           0.1805         1.774708         0.143173       1.770837             0.930886
  Ind_FixedZ0p5_muSD5_HC2p5_sigY1p36_sigC1p02 0.5          5.0                   2.5      1.358051      1.018538 0.427148 0.024268 0.381183  0.473186  0.293063 0.048921  0.224919   0.408913 1.021113  1.082107           0.2090         1.779089         0.198912       1.769846             0.885529
 Ind_FixedZ0p5_muSD10_HC2p5_sigY1p36_sigC1p02 0.5         10.0                   2.5      1.358051      1.018538 0.427154 0.024268 0.381188  0.473192  0.293063 0.048921  0.224919   0.408913 1.021112  1.082107           0.2090         1.779089         0.198918       1.769846             0.885529
  Ind_FixedZ0p5_muSD5_HC5p0_sigY2p04_sigC1p02 0.5          5.0                   5.0      2.037077      1.018538 0.445472 0.022055 0.402668  0.490933  0.282863 0.057732  0.179245   0.380094 1.041267  0.999992           0.2000         1.779866         0.215462       1.768687             0.963283
 Ind_FixedZ0p5_muSD10_HC5p0_sigY2p04_sigC1p02 0.5         10.0                   5.0      2.037077      1.018538 0.445479 0.022055 0.402675  0.490940  0.282863 0.057732  0.179245   0.380094 1.041268  0.999992           0.2000         1.779867         0.215469       1.768687             0.963283
  Ind_FixedZ0p5_muSD5_HC1p0_sigY1p36_sigC1p36 0.5          5.0                   1.0      1.358051      1.358051 0.427573 0.020938 0.381996  0.473171  0.179841 0.035293  0.117759   0.256565 1.313727  1.457710           0.2010         1.779873         0.195003       1.771072             0.879050
 Ind_FixedZ0p5_muSD10_HC1p0_sigY1p36_sigC1p36 0.5         10.0                   1.0      1.358051      1.358051 0.427582 0.020938 0.382004  0.473180  0.179841 0.035293  0.117759   0.256565 1.313737  1.457710           0.2010         1.779874         0.195011       1.771072             0.879050
  Ind_FixedZ0p5_muSD5_HC5p0_sigY1p36_sigC1p36 0.5          5.0                   5.0      1.358051      1.358051 0.414332 0.021702 0.369650  0.455780  0.220490 0.040649  0.159351   0.309778 1.112948  1.066347           0.2160         1.780231         0.183243       1.772691             0.876890
 Ind_FixedZ0p5_muSD10_HC5p0_sigY1p36_sigC1p36 0.5         10.0                   5.0      1.358051      1.358051 0.414341 0.021702 0.369658  0.455789  0.220490 0.040649  0.159351   0.309778 1.112949  1.066347           0.2160         1.780232         0.183252       1.772691             0.876890
   Ind_FixedZ0p5_muSD5_HC2p5_sigY1p7_sigC1p36 0.5          5.0                   2.5      1.697564      1.358051 0.418460 0.024663 0.374616  0.468712  0.203553 0.035651  0.163495   0.308875 1.096304  0.999305           0.1975         1.780282         0.189097       1.772125             0.928726
  Ind_FixedZ0p5_muSD10_HC2p5_sigY1p7_sigC1p36 0.5         10.0                   2.5      1.697564      1.358051 0.418470 0.024663 0.374625  0.468722  0.203553 0.035651  0.163495   0.308875 1.096306  0.999305           0.1975         1.780283         0.189107       1.772125             0.928726
  Ind_FixedZ0p5_muSD5_HC1p0_sigY1p36_sigC1p19 0.5          5.0                   1.0      1.358051      1.188295 0.423720 0.022278 0.388456  0.475468  0.171422 0.074494  0.098100   0.348602 1.114389  2.055506           0.2095         1.780734         0.192846       1.772176             0.881210
 Ind_FixedZ0p5_muSD10_HC1p0_sigY1p36_sigC1p19 0.5         10.0                   1.0      1.358051      1.188295 0.423727 0.022278 0.388463  0.475476  0.171422 0.074494  0.098100   0.348602 1.114399  2.055506           0.2095         1.780735         0.192853       1.772176             0.881210
  Ind_FixedZ0p5_muSD5_HC5p0_sigY1p36_sigC1p19 0.5          5.0                   5.0      1.358051      1.188295 0.426906 0.021273 0.378672  0.472281  0.201879 0.028296  0.167068   0.257431 1.000368  1.277982           0.2115         1.781067         0.196897       1.772065             0.881210
 Ind_FixedZ0p5_muSD10_HC5p0_sigY1p36_sigC1p19 0.5         10.0                   5.0      1.358051      1.188295 0.426914 0.021273 0.378679  0.472288  0.201879 0.028296  0.167068   0.257431 1.000368  1.277982           0.2115         1.781068         0.196904       1.772065             0.881210
  Ind_FixedZ0p5_muSD5_HC2p5_sigY2p04_sigC1p02 0.5          5.0                   2.5      2.037077      1.018538 0.443936 0.021193 0.395111  0.481053  0.290227 0.051903  0.225485   0.399596 1.067597  1.216634           0.2125         1.781258         0.214235       1.770240             0.967603
 Ind_FixedZ0p5_muSD10_HC2p5_sigY2p04_sigC1p02 0.5         10.0                   2.5      2.037077      1.018538 0.443943 0.021193 0.395117  0.481060  0.290227 0.051903  0.225485   0.399596 1.067597  1.216634           0.2125         1.781258         0.214242       1.770240             0.967603
   Ind_FixedZ0p5_muSD5_HC5p0_sigY1p7_sigC1p02 0.5          5.0                   5.0      1.697564      1.018538 0.434501 0.026174 0.373120  0.490601  0.162344 0.035002  0.121479   0.235102 1.165194  2.394037           0.1880         1.781479         0.204338       1.771636             0.933045
  Ind_FixedZ0p5_muSD10_HC5p0_sigY1p7_sigC1p02 0.5         10.0                   5.0      1.697564      1.018538 0.434507 0.026175 0.373125  0.490608  0.162344 0.035002  0.121479   0.235102 1.165199  2.394037           0.1880         1.781480         0.204344       1.771636             0.933045
   Ind_FixedZ0p5_muSD5_HC2p5_sigY1p7_sigC1p19 0.5          5.0                   2.5      1.697564      1.188295 0.435750 0.025720 0.379862  0.479827  0.242902 0.054882  0.173283   0.370053 1.000543  1.008464           0.2105         1.781754         0.202052       1.772175             0.933045
  Ind_FixedZ0p5_muSD10_HC2p5_sigY1p7_sigC1p19 0.5         10.0                   2.5      1.697564      1.188295 0.435758 0.025720 0.379870  0.479836  0.242902 0.054882  0.173283   0.370053 1.000543  1.008464           0.2105         1.781755         0.202060       1.772175             0.933045
   Ind_FixedZ0p5_muSD5_HC1p0_sigY1p7_sigC1p19 0.5          5.0                   1.0      1.697564      1.188295 0.433743 0.021307 0.388864  0.470450  0.222307 0.030676  0.170026   0.276750 1.015920  1.179378           0.1995         1.782022         0.207545       1.771810             0.933045
  Ind_FixedZ0p5_muSD10_HC1p0_sigY1p7_sigC1p19 0.5         10.0                   1.0      1.697564      1.188295 0.433752 0.021307 0.388872  0.470459  0.222307 0.030676  0.170026   0.276750 1.015921  1.179378           0.1995         1.782023         0.207553       1.771810             0.933045
   Ind_FixedZ0p5_muSD5_HC5p0_sigY1p7_sigC1p36 0.5          5.0                   5.0      1.697564      1.358051 0.422958 0.028803 0.364049  0.472826  0.233625 0.036369  0.159956   0.298104 1.017598  1.149867           0.2180         1.782037         0.199582       1.772741             0.930886
  Ind_FixedZ0p5_muSD10_HC5p0_sigY1p7_sigC1p36 0.5         10.0                   5.0      1.697564      1.358051 0.422968 0.028804 0.364058  0.472837  0.233625 0.036369  0.159956   0.298104 1.017600  1.149867           0.2180         1.782038         0.199592       1.772741             0.930886
  Ind_FixedZ0p5_muSD5_HC1p0_sigY1p36_sigC1p02 0.5          5.0                   1.0      1.358051      1.018538 0.433923 0.021599 0.391888  0.472304  0.247824 0.047568  0.181222   0.355783 1.005093  1.592854           0.2050         1.782215         0.204996       1.772301             0.883369
 Ind_FixedZ0p5_muSD10_HC1p0_sigY1p36_sigC1p02 0.5         10.0                   1.0      1.358051      1.018538 0.433929 0.021599 0.391894  0.472311  0.247824 0.047568  0.181222   0.355783 1.005093  1.592854           0.2050         1.782216         0.205002       1.772301             0.883369
  Ind_FixedZ0p5_muSD5_HC5p0_sigY1p36_sigC1p02 0.5          5.0                   5.0      1.358051      1.018538 0.427437 0.021689 0.381019  0.467374  0.287349 0.053470  0.197812   0.371875 1.094277  1.001293           0.2115         1.782900         0.193392       1.774297             0.885529
 Ind_FixedZ0p5_muSD10_HC5p0_sigY1p36_sigC1p02 0.5         10.0                   5.0      1.358051      1.018538 0.427443 0.021689 0.381024  0.467381  0.287349 0.053470  0.197812   0.371875 1.094279  1.001293           0.2115         1.782900         0.193397       1.774297             0.885529
  Ind_FixedZ0p5_muSD5_HC2p5_sigY1p36_sigC1p19 0.5          5.0                   2.5      1.358051      1.188295 0.429068 0.019437 0.395363  0.471630  0.191436 0.041159  0.122862   0.292144 1.001870  1.184504           0.2165         1.783136         0.195299       1.774326             0.881210
 Ind_FixedZ0p5_muSD10_HC2p5_sigY1p36_sigC1p19 0.5         10.0                   2.5      1.358051      1.188295 0.429075 0.019437 0.395370  0.471638  0.191436 0.041159  0.122862   0.292144 1.001870  1.184504           0.2165         1.783137         0.195306       1.774326             0.881210
   Ind_FixedZ0p5_muSD5_HC1p0_sigY1p7_sigC1p02 0.5          5.0                   1.0      1.697564      1.018538 0.443336 0.021377 0.392353  0.482549  0.256629 0.044808  0.174957   0.345858 1.001612  1.031227           0.1970         1.783245         0.210508       1.772691             0.935205
  Ind_FixedZ0p5_muSD10_HC1p0_sigY1p7_sigC1p02 0.5         10.0                   1.0      1.697564      1.018538 0.443343 0.021377 0.392359  0.482556  0.256629 0.044808  0.174957   0.345858 1.001611  1.031227           0.1970         1.783245         0.210514       1.772691             0.935205
   Ind_FixedZ0p5_muSD5_HC5p0_sigY1p7_sigC1p19 0.5          5.0                   5.0      1.697564      1.188295 0.435441 0.027795 0.390759  0.501242  0.251879 0.047976  0.185682   0.362050 1.268350  1.213902           0.2230         1.783461         0.201798       1.773925             0.935205
  Ind_FixedZ0p5_muSD10_HC5p0_sigY1p7_sigC1p19 0.5         10.0                   5.0      1.697564      1.188295 0.435450 0.027796 0.390767  0.501251  0.251879 0.047976  0.185682   0.362050 1.268353  1.213902           0.2230         1.783462         0.201806       1.773925             0.935205
   Ind_FixedZ0p5_muSD5_HC2p5_sigY1p7_sigC1p02 0.5          5.0                   2.5      1.697564      1.018538 0.443393 0.021376 0.407664  0.489940  0.267556 0.040590  0.200170   0.351663 1.020776  1.956744           0.1825         1.783952         0.211557       1.773280             0.935205
  Ind_FixedZ0p5_muSD10_HC2p5_sigY1p7_sigC1p02 0.5         10.0                   2.5      1.697564      1.018538 0.443400 0.021376 0.407671  0.489947  0.267556 0.040590  0.200170   0.351663 1.020775  1.956744           0.1825         1.783953         0.211563       1.773280             0.935205
  Ind_FixedZ0p5_muSD5_HC5p0_sigY2p04_sigC1p36 0.5          5.0                   5.0      2.037077      1.358051 0.431061 0.030975 0.375050  0.486486  0.214396 0.036140  0.163898   0.294332 1.241637  1.061795           0.2240         1.784749         0.204007       1.774969             0.967603
 Ind_FixedZ0p5_muSD10_HC5p0_sigY2p04_sigC1p36 0.5         10.0                   5.0      2.037077      1.358051 0.431072 0.030976 0.375060  0.486498  0.214396 0.036140  0.163898   0.294332 1.241643  1.061795           0.2240         1.784750         0.204017       1.774969             0.967603
  Ind_FixedZ0p5_muSD5_HC2p5_sigY2p04_sigC1p19 0.5          5.0                   2.5      2.037077      1.188295 0.446001 0.021957 0.410162  0.493504  0.187360 0.045601  0.125617   0.321519 1.047560  1.120655           0.1995         1.785097         0.212797       1.774285             0.963283
 Ind_FixedZ0p5_muSD10_HC2p5_sigY2p04_sigC1p19 0.5         10.0                   2.5      2.037077      1.188295 0.446010 0.021957 0.410171  0.493513  0.187360 0.045601  0.125617   0.321519 1.047562  1.120655           0.1995         1.785098         0.212806       1.774285             0.963283
  Ind_FixedZ0p5_muSD5_HC5p0_sigY2p04_sigC1p19 0.5          5.0                   5.0      2.037077      1.188295 0.424944 0.025548 0.373135  0.469691  0.217293 0.048237  0.134614   0.324069 1.004594  1.690180           0.2245         1.785439         0.192905       1.776908             0.965443
 Ind_FixedZ0p5_muSD10_HC5p0_sigY2p04_sigC1p19 0.5         10.0                   5.0      2.037077      1.188295 0.424952 0.025548 0.373143  0.469701  0.217293 0.048237  0.134614   0.324069 1.004594  1.690180           0.2245         1.785440         0.192913       1.776908             0.965443
  Ind_FixedZ0p5_muSD5_HC1p0_sigY2p04_sigC1p02 0.5          5.0                   1.0      2.037077      1.018538 0.438296 0.019980 0.400623  0.478950  0.242647 0.043089  0.184022   0.351540 1.164544  1.216169           0.2015         1.785500         0.210088       1.775015             0.965443
 Ind_FixedZ0p5_muSD10_HC1p0_sigY2p04_sigC1p02 0.5         10.0                   1.0      2.037077      1.018538 0.438303 0.019980 0.400630  0.478958  0.242647 0.043089  0.184022   0.351540 1.164549  1.216169           0.2015         1.785501         0.210095       1.775015             0.965443
  Ind_FixedZ0p5_muSD5_HC1p0_sigY2p04_sigC1p19 0.5          5.0                   1.0      2.037077      1.188295 0.450966 0.023905 0.403624  0.493755  0.189482 0.037967  0.124205   0.265990 1.177868  1.449385           0.1865         1.785818         0.223631       1.773677             0.963283
 Ind_FixedZ0p5_muSD10_HC1p0_sigY2p04_sigC1p19 0.5         10.0                   1.0      2.037077      1.188295 0.450976 0.023905 0.403633  0.493764  0.189482 0.037967  0.124205   0.265990 1.177875  1.449385           0.1865         1.785819         0.223640       1.773677             0.963283
  Ind_FixedZ0p5_muSD5_HC2p5_sigY2p04_sigC1p36 0.5          5.0                   2.5      2.037077      1.358051 0.446405 0.026917 0.398901  0.503161  0.205222 0.041347  0.143715   0.275543 1.000623  1.345055           0.1865         1.787646         0.216971       1.776349             0.965443
 Ind_FixedZ0p5_muSD10_HC2p5_sigY2p04_sigC1p36 0.5         10.0                   2.5      2.037077      1.358051 0.446416 0.026918 0.398911  0.503173  0.205222 0.041347  0.143715   0.275543 1.000623  1.345055           0.1865         1.787647         0.216982       1.776349             0.965443
 Ind_FixedZ0p5_muSD5_HC5p0_sigY1p36_sigC0p849 0.5          5.0                   5.0      1.358051      0.848782 0.440310 0.021363 0.397551  0.481999  0.593243 0.027276  0.544891   0.657644 0.999609  0.999332           0.1990         1.797232         0.212125       1.786600             0.892009
Ind_FixedZ0p5_muSD10_HC5p0_sigY1p36_sigC0p849 0.5         10.0                   5.0      1.358051      0.848782 0.440316 0.021363 0.397556  0.482005  0.593243 0.027276  0.544891   0.657644 0.999609  0.999332           0.1990         1.797233         0.212130       1.786600             0.892009
 Ind_FixedZ0p5_muSD5_HC2p5_sigY1p36_sigC0p849 0.5          5.0                   2.5      1.358051      0.848782 0.437319 0.019966 0.397625  0.473965  0.588639 0.026199  0.534409   0.644144 1.018234  1.033239           0.2115         1.801377         0.208032       1.791260             0.894168
Ind_FixedZ0p5_muSD10_HC2p5_sigY1p36_sigC0p849 0.5         10.0                   2.5      1.358051      0.848782 0.437325 0.019966 0.397630  0.473971  0.588639 0.026199  0.534409   0.644144 1.018234  1.033239           0.2115         1.801378         0.208037       1.791260             0.894168
  Ind_FixedZ0p5_muSD5_HC5p0_sigY1p7_sigC0p849 0.5          5.0                   5.0      1.697564      0.848782 0.446939 0.021144 0.405009  0.488034  0.621243 0.033211  0.562629   0.706138 1.007600  1.004005           0.2065         1.802917         0.213823       1.792129             0.943844
 Ind_FixedZ0p5_muSD10_HC5p0_sigY1p7_sigC0p849 0.5         10.0                   5.0      1.697564      0.848782 0.446945 0.021144 0.405015  0.488040  0.621243 0.033211  0.562629   0.706138 1.007600  1.004005           0.2065         1.802918         0.213828       1.792129             0.943844
 Ind_FixedZ0p5_muSD5_HC1p0_sigY2p04_sigC0p849 0.5          5.0                   1.0      2.037077      0.848782 0.453217 0.022523 0.407117  0.496846  0.628502 0.032378  0.560318   0.685743 1.006206  1.002354           0.1775         1.803657         0.218547       1.792304             0.956803
Ind_FixedZ0p5_muSD10_HC1p0_sigY2p04_sigC0p849 0.5         10.0                   1.0      2.037077      0.848782 0.453224 0.022523 0.407123  0.496853  0.628502 0.032378  0.560318   0.685743 1.006206  1.002354           0.1775         1.803657         0.218553       1.792304             0.956803
  Ind_FixedZ0p5_muSD5_HC1p0_sigY1p7_sigC0p849 0.5          5.0                   1.0      1.697564      0.848782 0.446397 0.022016 0.403304  0.489843  0.614457 0.028153  0.570227   0.673141 1.002784  1.032548           0.1895         1.803680         0.218215       1.792367             0.937365
 Ind_FixedZ0p5_muSD10_HC1p0_sigY1p7_sigC0p849 0.5         10.0                   1.0      1.697564      0.848782 0.446403 0.022017 0.403310  0.489850  0.614457 0.028153  0.570227   0.673141 1.002784  1.032548           0.1895         1.803680         0.218220       1.792367             0.937365
  Ind_FixedZ0p5_muSD5_HC2p5_sigY1p7_sigC0p849 0.5          5.0                   2.5      1.697564      0.848782 0.446570 0.020682 0.405540  0.486012  0.622382 0.029363  0.568444   0.683018 1.000420  0.999324           0.2115         1.804745         0.212566       1.794121             0.937365
 Ind_FixedZ0p5_muSD10_HC2p5_sigY1p7_sigC0p849 0.5         10.0                   2.5      1.697564      0.848782 0.446576 0.020682 0.405545  0.486019  0.622382 0.029363  0.568444   0.683018 1.000420  0.999324           0.2115         1.804745         0.212571       1.794121             0.937365
 Ind_FixedZ0p5_muSD5_HC5p0_sigY2p04_sigC0p849 0.5          5.0                   5.0      2.037077      0.848782 0.448753 0.021407 0.407779  0.490409  0.634071 0.023697  0.587975   0.678515 1.003573  1.182883           0.2135         1.805459         0.216008       1.794430             0.963283
Ind_FixedZ0p5_muSD10_HC5p0_sigY2p04_sigC0p849 0.5         10.0                   5.0      2.037077      0.848782 0.448759 0.021407 0.407785  0.490416  0.634071 0.023697  0.587975   0.678515 1.003573  1.182883           0.2135         1.805460         0.216013       1.794430             0.963283
 Ind_FixedZ0p5_muSD5_HC1p0_sigY1p36_sigC0p849 0.5          5.0                   1.0      1.358051      0.848782 0.439148 0.021352 0.396438  0.482597  0.600487 0.025391  0.542484   0.657836 1.000863  1.057002           0.2060         1.806389         0.208503       1.796257             0.887689
Ind_FixedZ0p5_muSD10_HC1p0_sigY1p36_sigC0p849 0.5         10.0                   1.0      1.358051      0.848782 0.439154 0.021352 0.396443  0.482603  0.600487 0.025391  0.542484   0.657836 1.000863  1.057002           0.2060         1.806390         0.208508       1.796257             0.887689
 Ind_FixedZ0p5_muSD5_HC2p5_sigY2p04_sigC0p849 0.5          5.0                   2.5      2.037077      0.848782 0.448852 0.023408 0.400263  0.493165  0.654344 0.023217  0.613115   0.696384 0.999343  1.007510           0.1900         1.810000         0.217227       1.798861             0.963283
Ind_FixedZ0p5_muSD10_HC2p5_sigY2p04_sigC0p849 0.5         10.0                   2.5      2.037077      0.848782 0.448859 0.023409 0.400269  0.493172  0.654344 0.023217  0.613115   0.696384 0.999343  1.007510           0.1900         1.810001         0.217232       1.798861             0.963283

Comparison with baselines for independent fixed Z Z_0p5
=======================================================
 Rank_by_RMSE                                         Model   Z  mu_prior_sd  tau_halfcauchy_scale  sigma_y_used  sigma_c_used  Validation_RMSE  Validation_Bias  Validation_SE  Validation_Coverage  Rhat_mu  Rhat_tau  tau_accept_rate                  Method_Type
            1               MICE-style iterative regression NaN          NaN                   NaN           NaN           NaN         1.681353        -0.058638       1.682148                  NaN      NaN       NaN              NaN            Comparison method
            2                          Gaussian Naive Bayes NaN          NaN                   NaN           NaN           NaN         1.714547         0.013585       1.716348                  NaN      NaN       NaN              NaN            Comparison method
            3                                    Naive mean NaN          NaN                   NaN           NaN           NaN         1.749896         0.080302       1.749944                  NaN      NaN       NaN              NaN            Comparison method
            4   Ind_FixedZ0p5_muSD5_HC2p5_sigY1p36_sigC1p36 0.5          5.0                   2.5      1.358051      1.358051         1.771791         0.056201       1.772815             0.889849 5.523458  4.673174           0.1855 Bayesian independent fixed Z
            5  Ind_FixedZ0p5_muSD10_HC2p5_sigY1p36_sigC1p36 0.5         10.0                   2.5      1.358051      1.358051         1.771791         0.056205       1.772815             0.889849 5.523570  4.673174           0.1855 Bayesian independent fixed Z
            6   Ind_FixedZ0p5_muSD5_HC1p0_sigY2p04_sigC1p36 0.5          5.0                   1.0      2.037077      1.358051         1.773087         0.080661       1.773167             0.963283 4.856109  6.404008           0.2095 Bayesian independent fixed Z
            7  Ind_FixedZ0p5_muSD10_HC1p0_sigY2p04_sigC1p36 0.5         10.0                   1.0      2.037077      1.358051         1.773088         0.080668       1.773167             0.963283 4.856240  6.404008           0.2095 Bayesian independent fixed Z
            8    Ind_FixedZ0p5_muSD5_HC1p0_sigY1p7_sigC1p36 0.5          5.0                   1.0      1.697564      1.358051         1.774707         0.143166       1.770837             0.930886 2.016923  6.429506           0.1805 Bayesian independent fixed Z
            9   Ind_FixedZ0p5_muSD10_HC1p0_sigY1p7_sigC1p36 0.5         10.0                   1.0      1.697564      1.358051         1.774708         0.143173       1.770837             0.930886 2.016968  6.429506           0.1805 Bayesian independent fixed Z
           10   Ind_FixedZ0p5_muSD5_HC2p5_sigY1p36_sigC1p02 0.5          5.0                   2.5      1.358051      1.018538         1.779089         0.198912       1.769846             0.885529 1.021113  1.082107           0.2090 Bayesian independent fixed Z
           11  Ind_FixedZ0p5_muSD10_HC2p5_sigY1p36_sigC1p02 0.5         10.0                   2.5      1.358051      1.018538         1.779089         0.198918       1.769846             0.885529 1.021112  1.082107           0.2090 Bayesian independent fixed Z
           12   Ind_FixedZ0p5_muSD5_HC5p0_sigY2p04_sigC1p02 0.5          5.0                   5.0      2.037077      1.018538         1.779866         0.215462       1.768687             0.963283 1.041267  0.999992           0.2000 Bayesian independent fixed Z
           13  Ind_FixedZ0p5_muSD10_HC5p0_sigY2p04_sigC1p02 0.5         10.0                   5.0      2.037077      1.018538         1.779867         0.215469       1.768687             0.963283 1.041268  0.999992           0.2000 Bayesian independent fixed Z
           14   Ind_FixedZ0p5_muSD5_HC1p0_sigY1p36_sigC1p36 0.5          5.0                   1.0      1.358051      1.358051         1.779873         0.195003       1.771072             0.879050 1.313727  1.457710           0.2010 Bayesian independent fixed Z
           15  Ind_FixedZ0p5_muSD10_HC1p0_sigY1p36_sigC1p36 0.5         10.0                   1.0      1.358051      1.358051         1.779874         0.195011       1.771072             0.879050 1.313737  1.457710           0.2010 Bayesian independent fixed Z
           16   Ind_FixedZ0p5_muSD5_HC5p0_sigY1p36_sigC1p36 0.5          5.0                   5.0      1.358051      1.358051         1.780231         0.183243       1.772691             0.876890 1.112948  1.066347           0.2160 Bayesian independent fixed Z
           17  Ind_FixedZ0p5_muSD10_HC5p0_sigY1p36_sigC1p36 0.5         10.0                   5.0      1.358051      1.358051         1.780232         0.183252       1.772691             0.876890 1.112949  1.066347           0.2160 Bayesian independent fixed Z
           18    Ind_FixedZ0p5_muSD5_HC2p5_sigY1p7_sigC1p36 0.5          5.0                   2.5      1.697564      1.358051         1.780282         0.189097       1.772125             0.928726 1.096304  0.999305           0.1975 Bayesian independent fixed Z
           19   Ind_FixedZ0p5_muSD10_HC2p5_sigY1p7_sigC1p36 0.5         10.0                   2.5      1.697564      1.358051         1.780283         0.189107       1.772125             0.928726 1.096306  0.999305           0.1975 Bayesian independent fixed Z
           20   Ind_FixedZ0p5_muSD5_HC1p0_sigY1p36_sigC1p19 0.5          5.0                   1.0      1.358051      1.188295         1.780734         0.192846       1.772176             0.881210 1.114389  2.055506           0.2095 Bayesian independent fixed Z
           21  Ind_FixedZ0p5_muSD10_HC1p0_sigY1p36_sigC1p19 0.5         10.0                   1.0      1.358051      1.188295         1.780735         0.192853       1.772176             0.881210 1.114399  2.055506           0.2095 Bayesian independent fixed Z
           22   Ind_FixedZ0p5_muSD5_HC5p0_sigY1p36_sigC1p19 0.5          5.0                   5.0      1.358051      1.188295         1.781067         0.196897       1.772065             0.881210 1.000368  1.277982           0.2115 Bayesian independent fixed Z
           23  Ind_FixedZ0p5_muSD10_HC5p0_sigY1p36_sigC1p19 0.5         10.0                   5.0      1.358051      1.188295         1.781068         0.196904       1.772065             0.881210 1.000368  1.277982           0.2115 Bayesian independent fixed Z
           24   Ind_FixedZ0p5_muSD5_HC2p5_sigY2p04_sigC1p02 0.5          5.0                   2.5      2.037077      1.018538         1.781258         0.214235       1.770240             0.967603 1.067597  1.216634           0.2125 Bayesian independent fixed Z
           25  Ind_FixedZ0p5_muSD10_HC2p5_sigY2p04_sigC1p02 0.5         10.0                   2.5      2.037077      1.018538         1.781258         0.214242       1.770240             0.967603 1.067597  1.216634           0.2125 Bayesian independent fixed Z
           26    Ind_FixedZ0p5_muSD5_HC5p0_sigY1p7_sigC1p02 0.5          5.0                   5.0      1.697564      1.018538         1.781479         0.204338       1.771636             0.933045 1.165194  2.394037           0.1880 Bayesian independent fixed Z
           27   Ind_FixedZ0p5_muSD10_HC5p0_sigY1p7_sigC1p02 0.5         10.0                   5.0      1.697564      1.018538         1.781480         0.204344       1.771636             0.933045 1.165199  2.394037           0.1880 Bayesian independent fixed Z
           28    Ind_FixedZ0p5_muSD5_HC2p5_sigY1p7_sigC1p19 0.5          5.0                   2.5      1.697564      1.188295         1.781754         0.202052       1.772175             0.933045 1.000543  1.008464           0.2105 Bayesian independent fixed Z
           29   Ind_FixedZ0p5_muSD10_HC2p5_sigY1p7_sigC1p19 0.5         10.0                   2.5      1.697564      1.188295         1.781755         0.202060       1.772175             0.933045 1.000543  1.008464           0.2105 Bayesian independent fixed Z
           30    Ind_FixedZ0p5_muSD5_HC1p0_sigY1p7_sigC1p19 0.5          5.0                   1.0      1.697564      1.188295         1.782022         0.207545       1.771810             0.933045 1.015920  1.179378           0.1995 Bayesian independent fixed Z
           31   Ind_FixedZ0p5_muSD10_HC1p0_sigY1p7_sigC1p19 0.5         10.0                   1.0      1.697564      1.188295         1.782023         0.207553       1.771810             0.933045 1.015921  1.179378           0.1995 Bayesian independent fixed Z
           32    Ind_FixedZ0p5_muSD5_HC5p0_sigY1p7_sigC1p36 0.5          5.0                   5.0      1.697564      1.358051         1.782037         0.199582       1.772741             0.930886 1.017598  1.149867           0.2180 Bayesian independent fixed Z
           33   Ind_FixedZ0p5_muSD10_HC5p0_sigY1p7_sigC1p36 0.5         10.0                   5.0      1.697564      1.358051         1.782038         0.199592       1.772741             0.930886 1.017600  1.149867           0.2180 Bayesian independent fixed Z
           34   Ind_FixedZ0p5_muSD5_HC1p0_sigY1p36_sigC1p02 0.5          5.0                   1.0      1.358051      1.018538         1.782215         0.204996       1.772301             0.883369 1.005093  1.592854           0.2050 Bayesian independent fixed Z
           35  Ind_FixedZ0p5_muSD10_HC1p0_sigY1p36_sigC1p02 0.5         10.0                   1.0      1.358051      1.018538         1.782216         0.205002       1.772301             0.883369 1.005093  1.592854           0.2050 Bayesian independent fixed Z
           36   Ind_FixedZ0p5_muSD5_HC5p0_sigY1p36_sigC1p02 0.5          5.0                   5.0      1.358051      1.018538         1.782900         0.193392       1.774297             0.885529 1.094277  1.001293           0.2115 Bayesian independent fixed Z
           37  Ind_FixedZ0p5_muSD10_HC5p0_sigY1p36_sigC1p02 0.5         10.0                   5.0      1.358051      1.018538         1.782900         0.193397       1.774297             0.885529 1.094279  1.001293           0.2115 Bayesian independent fixed Z
           38   Ind_FixedZ0p5_muSD5_HC2p5_sigY1p36_sigC1p19 0.5          5.0                   2.5      1.358051      1.188295         1.783136         0.195299       1.774326             0.881210 1.001870  1.184504           0.2165 Bayesian independent fixed Z
           39  Ind_FixedZ0p5_muSD10_HC2p5_sigY1p36_sigC1p19 0.5         10.0                   2.5      1.358051      1.188295         1.783137         0.195306       1.774326             0.881210 1.001870  1.184504           0.2165 Bayesian independent fixed Z
           40    Ind_FixedZ0p5_muSD5_HC1p0_sigY1p7_sigC1p02 0.5          5.0                   1.0      1.697564      1.018538         1.783245         0.210508       1.772691             0.935205 1.001612  1.031227           0.1970 Bayesian independent fixed Z
           41   Ind_FixedZ0p5_muSD10_HC1p0_sigY1p7_sigC1p02 0.5         10.0                   1.0      1.697564      1.018538         1.783245         0.210514       1.772691             0.935205 1.001611  1.031227           0.1970 Bayesian independent fixed Z
           42    Ind_FixedZ0p5_muSD5_HC5p0_sigY1p7_sigC1p19 0.5          5.0                   5.0      1.697564      1.188295         1.783461         0.201798       1.773925             0.935205 1.268350  1.213902           0.2230 Bayesian independent fixed Z
           43   Ind_FixedZ0p5_muSD10_HC5p0_sigY1p7_sigC1p19 0.5         10.0                   5.0      1.697564      1.188295         1.783462         0.201806       1.773925             0.935205 1.268353  1.213902           0.2230 Bayesian independent fixed Z
           44    Ind_FixedZ0p5_muSD5_HC2p5_sigY1p7_sigC1p02 0.5          5.0                   2.5      1.697564      1.018538         1.783952         0.211557       1.773280             0.935205 1.020776  1.956744           0.1825 Bayesian independent fixed Z
           45   Ind_FixedZ0p5_muSD10_HC2p5_sigY1p7_sigC1p02 0.5         10.0                   2.5      1.697564      1.018538         1.783953         0.211563       1.773280             0.935205 1.020775  1.956744           0.1825 Bayesian independent fixed Z
           46   Ind_FixedZ0p5_muSD5_HC5p0_sigY2p04_sigC1p36 0.5          5.0                   5.0      2.037077      1.358051         1.784749         0.204007       1.774969             0.967603 1.241637  1.061795           0.2240 Bayesian independent fixed Z
           47  Ind_FixedZ0p5_muSD10_HC5p0_sigY2p04_sigC1p36 0.5         10.0                   5.0      2.037077      1.358051         1.784750         0.204017       1.774969             0.967603 1.241643  1.061795           0.2240 Bayesian independent fixed Z
           48   Ind_FixedZ0p5_muSD5_HC2p5_sigY2p04_sigC1p19 0.5          5.0                   2.5      2.037077      1.188295         1.785097         0.212797       1.774285             0.963283 1.047560  1.120655           0.1995 Bayesian independent fixed Z
           49  Ind_FixedZ0p5_muSD10_HC2p5_sigY2p04_sigC1p19 0.5         10.0                   2.5      2.037077      1.188295         1.785098         0.212806       1.774285             0.963283 1.047562  1.120655           0.1995 Bayesian independent fixed Z
           50   Ind_FixedZ0p5_muSD5_HC5p0_sigY2p04_sigC1p19 0.5          5.0                   5.0      2.037077      1.188295         1.785439         0.192905       1.776908             0.965443 1.004594  1.690180           0.2245 Bayesian independent fixed Z
           51  Ind_FixedZ0p5_muSD10_HC5p0_sigY2p04_sigC1p19 0.5         10.0                   5.0      2.037077      1.188295         1.785440         0.192913       1.776908             0.965443 1.004594  1.690180           0.2245 Bayesian independent fixed Z
           52   Ind_FixedZ0p5_muSD5_HC1p0_sigY2p04_sigC1p02 0.5          5.0                   1.0      2.037077      1.018538         1.785500         0.210088       1.775015             0.965443 1.164544  1.216169           0.2015 Bayesian independent fixed Z
           53  Ind_FixedZ0p5_muSD10_HC1p0_sigY2p04_sigC1p02 0.5         10.0                   1.0      2.037077      1.018538         1.785501         0.210095       1.775015             0.965443 1.164549  1.216169           0.2015 Bayesian independent fixed Z
           54   Ind_FixedZ0p5_muSD5_HC1p0_sigY2p04_sigC1p19 0.5          5.0                   1.0      2.037077      1.188295         1.785818         0.223631       1.773677             0.963283 1.177868  1.449385           0.1865 Bayesian independent fixed Z
           55  Ind_FixedZ0p5_muSD10_HC1p0_sigY2p04_sigC1p19 0.5         10.0                   1.0      2.037077      1.188295         1.785819         0.223640       1.773677             0.963283 1.177875  1.449385           0.1865 Bayesian independent fixed Z
           56   Ind_FixedZ0p5_muSD5_HC2p5_sigY2p04_sigC1p36 0.5          5.0                   2.5      2.037077      1.358051         1.787646         0.216971       1.776349             0.965443 1.000623  1.345055           0.1865 Bayesian independent fixed Z
           57  Ind_FixedZ0p5_muSD10_HC2p5_sigY2p04_sigC1p36 0.5         10.0                   2.5      2.037077      1.358051         1.787647         0.216982       1.776349             0.965443 1.000623  1.345055           0.1865 Bayesian independent fixed Z
           58  Ind_FixedZ0p5_muSD5_HC5p0_sigY1p36_sigC0p849 0.5          5.0                   5.0      1.358051      0.848782         1.797232         0.212125       1.786600             0.892009 0.999609  0.999332           0.1990 Bayesian independent fixed Z
           59 Ind_FixedZ0p5_muSD10_HC5p0_sigY1p36_sigC0p849 0.5         10.0                   5.0      1.358051      0.848782         1.797233         0.212130       1.786600             0.892009 0.999609  0.999332           0.1990 Bayesian independent fixed Z
           60  Ind_FixedZ0p5_muSD5_HC2p5_sigY1p36_sigC0p849 0.5          5.0                   2.5      1.358051      0.848782         1.801377         0.208032       1.791260             0.894168 1.018234  1.033239           0.2115 Bayesian independent fixed Z
           61 Ind_FixedZ0p5_muSD10_HC2p5_sigY1p36_sigC0p849 0.5         10.0                   2.5      1.358051      0.848782         1.801378         0.208037       1.791260             0.894168 1.018234  1.033239           0.2115 Bayesian independent fixed Z
           62   Ind_FixedZ0p5_muSD5_HC5p0_sigY1p7_sigC0p849 0.5          5.0                   5.0      1.697564      0.848782         1.802917         0.213823       1.792129             0.943844 1.007600  1.004005           0.2065 Bayesian independent fixed Z
           63  Ind_FixedZ0p5_muSD10_HC5p0_sigY1p7_sigC0p849 0.5         10.0                   5.0      1.697564      0.848782         1.802918         0.213828       1.792129             0.943844 1.007600  1.004005           0.2065 Bayesian independent fixed Z
           64  Ind_FixedZ0p5_muSD5_HC1p0_sigY2p04_sigC0p849 0.5          5.0                   1.0      2.037077      0.848782         1.803657         0.218547       1.792304             0.956803 1.006206  1.002354           0.1775 Bayesian independent fixed Z
           65 Ind_FixedZ0p5_muSD10_HC1p0_sigY2p04_sigC0p849 0.5         10.0                   1.0      2.037077      0.848782         1.803657         0.218553       1.792304             0.956803 1.006206  1.002354           0.1775 Bayesian independent fixed Z
           66   Ind_FixedZ0p5_muSD5_HC1p0_sigY1p7_sigC0p849 0.5          5.0                   1.0      1.697564      0.848782         1.803680         0.218215       1.792367             0.937365 1.002784  1.032548           0.1895 Bayesian independent fixed Z
           67  Ind_FixedZ0p5_muSD10_HC1p0_sigY1p7_sigC0p849 0.5         10.0                   1.0      1.697564      0.848782         1.803680         0.218220       1.792367             0.937365 1.002784  1.032548           0.1895 Bayesian independent fixed Z
           68   Ind_FixedZ0p5_muSD5_HC2p5_sigY1p7_sigC0p849 0.5          5.0                   2.5      1.697564      0.848782         1.804745         0.212566       1.794121             0.937365 1.000420  0.999324           0.2115 Bayesian independent fixed Z
           69  Ind_FixedZ0p5_muSD10_HC2p5_sigY1p7_sigC0p849 0.5         10.0                   2.5      1.697564      0.848782         1.804745         0.212571       1.794121             0.937365 1.000420  0.999324           0.2115 Bayesian independent fixed Z
           70  Ind_FixedZ0p5_muSD5_HC5p0_sigY2p04_sigC0p849 0.5          5.0                   5.0      2.037077      0.848782         1.805459         0.216008       1.794430             0.963283 1.003573  1.182883           0.2135 Bayesian independent fixed Z
           71 Ind_FixedZ0p5_muSD10_HC5p0_sigY2p04_sigC0p849 0.5         10.0                   5.0      2.037077      0.848782         1.805460         0.216013       1.794430             0.963283 1.003573  1.182883           0.2135 Bayesian independent fixed Z
           72  Ind_FixedZ0p5_muSD5_HC1p0_sigY1p36_sigC0p849 0.5          5.0                   1.0      1.358051      0.848782         1.806389         0.208503       1.796257             0.887689 1.000863  1.057002           0.2060 Bayesian independent fixed Z
           73 Ind_FixedZ0p5_muSD10_HC1p0_sigY1p36_sigC0p849 0.5         10.0                   1.0      1.358051      0.848782         1.806390         0.208508       1.796257             0.887689 1.000863  1.057002           0.2060 Bayesian independent fixed Z
           74  Ind_FixedZ0p5_muSD5_HC2p5_sigY2p04_sigC0p849 0.5          5.0                   2.5      2.037077      0.848782         1.810000         0.217227       1.798861             0.963283 0.999343  1.007510           0.1900 Bayesian independent fixed Z
           75 Ind_FixedZ0p5_muSD10_HC2p5_sigY2p04_sigC0p849 0.5         10.0                   2.5      2.037077      0.848782         1.810001         0.217232       1.798861             0.963283 0.999343  1.007510           0.1900 Bayesian independent fixed Z
